Created by SunData for Windows Mobile v2.0.0.1
	
Title     :	cka 2020
Location  :	cka
	
0001-01-01		
SunScan probe 
	
Ext Sensor: BFS
Group   1 :	
	
Time	plot	sample	PAR	Spread	Total	Diffuse			Notes	1	2	3	4	5	6	7	8	9	10	11	12	13	14	15	16	17	18	19	20	21	22	23	24	25	26	27	28	29	30	31	32	33	34	35	36	37	38	39	40	41	42	43	44	45	46	47	48	49	50	51	52	53	54	55	56	57	58	59	60	61	62	63	 tip 64
	
00:00:00	1	1	0.0	0.00	0.0	0.0				0	0	0	0	0	0	0	0	0	0	0	0	0	0	0	0	0	0	0	0	0	0	0	0	0	0	0	0	0	0	0	0	0	0	0	0	0	0	0	0	0	0	0	0	0	0	0	0	0	0	0	0	0	0	0	0	0	0	0	0	0	0	0	0
	
Title     :	cka 2020
Location  :	cka
	
2020-04-08		
SunScan probe v1.02R (C) JGW 2004/01/19
	
Ext Sensor: BFS
Group   1 :	
	
Time	plot	sample	PAR	Spread	Total	Diffuse			Notes	1	2	3	4	5	6	7	8	9	10	11	12	13	14	15	16	17	18	19	20	21	22	23	24	25	26	27	28	29	30	31	32	33	34	35	36	37	38	39	40	41	42	43	44	45	46	47	48	49	50	51	52	53	54	55	56	57	58	59	60	61	62	63	 tip 64
	
15:59:19	1	2	1019.1	0.02	0.2	0.2				1096	1010	1009	1015	1016	997	979	977	988	983	997	994	1000	1006	1002	996	1014	1015	1008	1018	1039	1026	1046	1044	1040	1038	1079	1033	1036	1035	1010	1032	1036	1033	1020	1029	1027	1024	1031	1012	1000	1013	1014	1012	1009	1008	1015	1026	1068	1054	1042	1038	1042	1030	1035	1024	1036	1020	1017	1017	998	987	991	936
15:59:30	1	3	1070.1	0.02	1243.4	399.3				1161	1069	1067	1074	1079	1065	1048	1045	1053	1046	1059	1056	1060	1065	1060	1051	1068	1068	1060	1069	1090	1075	1095	1092	1089	1084	1128	1079	1080	1082	1058	1079	1082	1077	1065	1075	1074	1069	1078	1058	1045	1060	1061	1060	1056	1054	1061	1072	1117	1103	1092	1086	1090	1076	1082	1070	1083	1069	1065	1062	1044	1032	1037	980
16:13:37	1	4	745.9	0.27	0.2	0.2				923	668	803	802	882	882	826	849	669	861	746	854	898	905	900	890	904	899	838	676	574	801	624	892	810	791	823	751	874	906	885	903	864	468	646	718	622	470	846	847	779	633	902	874	910	910	917	925	927	857	925	913	613	889	757	556	416	482	554	320	190	303	210	188
	
Title     :	cka 2020
Location  :	cka
Latitude  :	50.36N	Longitude :	6.59E
2020-04-08		Local time is GMT+2 Hrs
SunScan probe v1.02R (C) JGW 2004/01/19
	
Ext Sensor: BFS		  Leaf Angle Distn Parameter:				0.96	  Leaf Absorption:		0.85
Group   2 :	
	
Time	plot	sample	Trans-	Spread	Incid-	Beam	Zenith	LAI	Notes
			mitted		 ent	frac	Angle

16:16:20	1	1	675.9	0.26	1183.6	0.68	54.3	0.7	
16:16:38	1	2	623.2	0.32	1177.5	0.68	54.3	0.8	
16:16:52	1	3	724.9	0.32	1176.3	0.68	54.4	0.6	
16:17:13	1	4	435.8	0.55	1172.6	0.68	54.4	1.3	
16:17:42	1	5	555.7	0.43	1169.6	0.68	54.5	1.0	
16:17:57	1	6	365.3	0.61	1164.7	0.68	54.5	1.5	
16:18:25	1	7	692.7	0.25	1161.7	0.68	54.6	0.7	
16:18:39	1	8	558.3	0.35	1158.6	0.68	54.6	0.9	
16:18:49	1	9	582.9	0.36	1158.6	0.68	54.6	0.9	
16:29:53	1	10	457.3	0.43	1111.6	0.67	56.0	1.1	
16:30:07	1	11	478.4	0.33	1110.4	0.67	56.1	1.1	
16:30:26	1	12	448.2	0.37	1106.7	0.67	56.1	1.1	
16:30:42	1	13	671.7	0.23	1105.5	0.67	56.1	0.6	
16:30:54	1	14	605.0	0.35	1105.5	0.67	56.2	0.7	
16:31:07	1	15	594.4	0.35	1102.4	0.67	56.2	0.8	
16:31:46	1	16	469.2	0.50	1096.3	0.67	56.3	1.1	
16:32:13	1	17	504.2	0.45	1086.6	0.67	56.3	1.0	
16:32:32	1	18	464.1	0.46	1080.5	0.67	56.4	1.1	
16:32:55	1	19	400.3	0.42	1077.4	0.67	56.4	1.2	
16:33:15	1	20	311.3	0.47	1058.5	0.66	56.5	1.6	
16:33:26	1	21	339.1	0.43	1056.7	0.66	56.5	1.4	
16:33:48	1	22	364.4	0.51	1057.3	0.66	56.6	1.3	
16:33:58	1	23	265.1	0.72	1058.5	0.66	56.6	1.8	
16:34:09	1	24	345.3	0.44	1047.5	0.66	56.6	1.4	
16:34:29	1	25	609.2	0.31	1050.6	0.66	56.6	0.7	
16:34:41	1	26	439.7	0.47	1053.6	0.66	56.7	1.1	
16:34:55	1	27	529.0	0.34	1048.7	0.66	56.7	0.8	
16:35:19	1	28	533.1	0.33	1054.8	0.66	56.8	0.8	
16:35:37	1	29	602.2	0.28	1045.7	0.66	56.8	0.7	
16:35:54	1	30	585.7	0.29	1003.6	0.65	56.8	0.7	
16:36:05	1	31	477.5	0.45	1022.5	0.65	56.9	0.9	
16:36:18	1	32	530.6	0.43	1038.4	0.66	56.9	0.8	
16:36:55	1	33	455.1	0.43	1045.7	0.66	57.0	1.0	
16:39:45	1	34	489.9	0.42	1034.7	0.66	57.4	0.9	
16:39:57	1	35	442.6	0.53	1033.5	0.66	57.4	1.0	
16:40:09	1	36	511.1	0.37	1036.5	0.66	57.4	0.9	
	
Average of	36	 readings
  Incident light 		1090.4	  Transmitted fraction:			0.46	   LAI:	1.0	
	
16:41:51	2	1	289.5	0.59	1030.4	0.66	57.6	1.6	
16:42:01	2	2	362.2	0.54	1028.6	0.66	57.7	1.3	
16:42:11	2	3	393.6	0.48	1030.4	0.66	57.7	1.2	
16:42:31	2	4	373.3	0.56	1032.9	0.66	57.7	1.3	
16:43:01	2	5	422.7	0.42	1035.3	0.66	57.8	1.1	
16:43:22	2	6	444.8	0.41	1037.8	0.66	57.8	1.0	
	
Average of	6	 readings
  Incident light 		1032.6	  Transmitted fraction:			0.37	   LAI:	1.2	
	
16:43:50	3	1	319.9	0.60	1036.5	0.66	57.9	1.5	
16:43:59	3	2	298.6	0.68	1036.5	0.66	57.9	1.5	
16:44:09	3	3	325.8	0.75	1037.8	0.67	58.0	1.4	
16:44:35	3	4	251.3	0.55	1036.5	0.66	58.0	1.8	
16:44:47	3	5	297.0	0.51	1035.3	0.66	58.0	1.5	
16:45:03	3	6	270.8	0.61	1034.7	0.66	58.1	1.7	
	
Average of	6	 readings
  Incident light 		1036.2	  Transmitted fraction:			0.28	   LAI:	1.6	
	
16:45:26	4	1	249.5	0.63	1030.4	0.66	58.1	1.8	
16:45:35	4	2	275.1	0.53	1030.4	0.66	58.1	1.6	
16:45:45	4	3	229.2	0.77	1027.4	0.66	58.2	1.9	
16:46:07	4	4	244.8	0.49	1027.4	0.66	58.2	1.8	
16:46:17	4	5	332.1	0.52	1027.4	0.66	58.2	1.4	
16:46:31	4	6	235.0	0.51	1027.4	0.66	58.3	1.8	
	
Average of	6	 readings
  Incident light 		1028.4	  Transmitted fraction:			0.25	   LAI:	1.7	
	
16:46:54	5	1	365.5	0.67	1024.3	0.66	58.3	1.3	
16:47:03	5	2	319.2	0.53	1024.3	0.66	58.4	1.4	
16:47:12	5	3	448.9	0.43	1021.9	0.66	58.4	1.0	
16:47:34	5	4	384.7	0.39	1017.6	0.66	58.4	1.2	
16:47:45	5	5	467.1	0.41	1011.5	0.66	58.4	0.9	
16:48:00	5	6	416.0	0.42	1006.6	0.66	58.5	1.1	
	
Average of	6	 readings
  Incident light 		1017.7	  Transmitted fraction:			0.39	   LAI:	1.1	
	
16:48:42	6	1	360.4	0.59	1003.6	0.66	58.6	1.2	
16:48:51	6	2	384.5	0.44	1000.5	0.66	58.6	1.2	
16:49:00	6	3	410.1	0.48	1001.7	0.66	58.6	1.1	
16:49:20	6	4	396.3	0.47	997.5	0.66	58.7	1.1	
16:49:30	6	5	422.9	0.50	997.5	0.66	58.7	1.0	
16:49:51	6	6	404.7	0.44	992.6	0.66	58.7	1.1	
	
Average of	6	 readings
  Incident light 		998.9	  Transmitted fraction:			0.40	   LAI:	1.1	
	
16:50:10	7	1	409.7	0.41	992.6	0.66	58.8	1.1	
16:50:19	7	2	360.0	0.39	989.5	0.66	58.8	1.2	
16:50:41	7	3	307.8	0.53	984.6	0.66	58.9	1.4	
16:51:03	7	4	310.9	0.48	981.6	0.66	58.9	1.4	
16:51:29	7	5	336.2	0.46	969.4	0.65	59.0	1.3	
16:52:10	7	6	389.5	0.45	964.5	0.65	59.1	1.1	
16:52:29	7	7	470.6	0.32	962.7	0.65	59.1	0.8	
	
Average of	7	 readings
  Incident light 		977.8	  Transmitted fraction:			0.38	   LAI:	1.2	
	
16:53:20	8	1	251.6	0.56	959.6	0.65	59.2	1.6	
16:53:51	8	2	258.1	0.59	943.8	0.64	59.3	1.6	
16:54:02	8	3	144.7	0.67	939.5	0.64	59.3	2.3	
16:54:27	8	4	203.2	0.75	939.5	0.64	59.4	1.9	
16:54:40	8	5	262.2	0.74	935.8	0.64	59.4	1.5	
16:54:51	8	6	201.4	0.77	936.4	0.64	59.4	1.9	
	
Average of	6	 readings
  Incident light 		942.4	  Transmitted fraction:			0.23	   LAI:	1.8	
	
16:55:12	9	1	396.2	0.41	934.6	0.64	59.5	1.0	
16:55:23	9	2	351.6	0.58	938.9	0.64	59.5	1.2	
16:55:35	9	3	427.6	0.46	935.8	0.64	59.5	0.9	
16:55:52	9	4	346.1	0.43	934.0	0.64	59.6	1.2	
16:56:09	9	5	397.4	0.51	936.4	0.64	59.6	1.0	
16:56:26	9	6	326.9	0.49	934.6	0.64	59.7	1.3	
	
Average of	6	 readings
  Incident light 		935.7	  Transmitted fraction:			0.40	   LAI:	1.1	
	
16:56:40	10	1	380.0	0.40	935.8	0.64	59.7	1.1	
16:56:54	10	2	395.8	0.45	929.7	0.64	59.7	1.0	
16:57:03	10	3	293.4	0.60	926.7	0.64	59.7	1.4	
16:57:28	10	4	377.6	0.47	925.4	0.64	59.8	1.1	
16:57:37	10	5	421.4	0.40	926.7	0.64	59.8	0.9	
16:57:50	10	6	406.8	0.45	926.7	0.64	59.9	1.0	
	
Average of	6	 readings
  Incident light 		928.5	  Transmitted fraction:			0.41	   LAI:	1.1	
	
16:58:11	11	1	397.5	0.47	928.5	0.64	59.9	1.0	
16:58:19	11	2	315.2	0.43	926.7	0.64	59.9	1.3	
16:58:29	11	3	339.4	0.47	923.6	0.64	59.9	1.2	
16:58:49	11	4	384.7	0.40	923.6	0.64	60.0	1.0	
16:59:16	11	5	429.3	0.33	924.8	0.64	60.1	0.9	
16:59:29	11	6	305.9	0.57	928.5	0.64	60.1	1.3	
	
Average of	6	 readings
  Incident light 		926.0	  Transmitted fraction:			0.39	   LAI:	1.1	
	
16:59:45	12	1	270.6	0.54	934.0	0.64	60.1	1.5	
16:59:58	12	2	314.8	0.37	924.8	0.64	60.2	1.3	
17:00:17	12	3	234.6	0.66	912.6	0.64	60.2	1.6	
17:00:37	12	4	344.4	0.41	895.5	0.63	60.2	1.1	
17:00:56	12	5	324.5	0.56	904.7	0.63	60.3	1.2	
17:01:09	12	6	276.4	0.47	912.0	0.64	60.3	1.4	
	
Average of	6	 readings
  Incident light 		913.9	  Transmitted fraction:			0.32	   LAI:	1.4	
	
17:01:22	13	1	382.3	0.47	913.8	0.64	60.4	1.0	
17:01:32	13	2	387.9	0.52	913.8	0.64	60.4	1.0	
17:01:44	13	3	424.4	0.42	906.5	0.63	60.4	0.9	
17:02:13	13	4	461.9	0.35	902.9	0.63	60.5	0.8	
17:02:31	13	5	447.5	0.38	895.5	0.63	60.5	0.8	
17:02:42	13	6	426.7	0.46	896.8	0.63	60.5	0.9	
	
Average of	6	 readings
  Incident light 		904.9	  Transmitted fraction:			0.47	   LAI:	0.9	
	
17:07:37	14	1	472.3	0.32	870.5	0.63	61.2	0.7	
17:07:53	14	2	384.3	0.49	874.8	0.63	61.3	0.9	
17:08:12	14	3	470.1	0.25	873.6	0.63	61.3	0.7	
	
Average of	3	 readings
  Incident light 		873.0	  Transmitted fraction:			0.51	   LAI:	0.8	
	
17:08:43	15	1	463.7	0.35	877.8	0.63	61.4	0.7	
17:08:55	15	2	395.1	0.49	876.0	0.63	61.4	0.9	
17:09:14	15	3	337.4	0.45	877.8	0.63	61.5	1.1	
	
Average of	3	 readings
  Incident light 		877.2	  Transmitted fraction:			0.45	   LAI:	0.9	
	
17:09:33	16	1	441.5	0.37	879.1	0.63	61.5	0.8	
17:09:43	16	2	491.6	0.28	881.5	0.64	61.6	0.7	
17:09:56	16	3	480.6	0.35	884.6	0.63	61.6	0.7	
	
Average of	3	 readings
  Incident light 		881.7	  Transmitted fraction:			0.53	   LAI:	0.7	
	
17:10:22	17	1	376.8	0.47	887.0	0.64	61.6	1.0	
17:10:30	17	2	294.7	0.65	885.8	0.63	61.7	1.3	
17:10:44	17	3	352.0	0.54	885.8	0.63	61.7	1.1	
	
Average of	3	 readings
  Incident light 		886.2	  Transmitted fraction:			0.38	   LAI:	1.1	
	
17:10:59	18	1	445.2	0.30	887.0	0.64	61.7	0.8	
17:11:24	18	2	313.7	0.48	884.6	0.64	61.8	1.2	
17:11:37	18	3	446.3	0.38	884.6	0.63	61.8	0.8	
	
Average of	3	 readings
  Incident light 		885.4	  Transmitted fraction:			0.45	   LAI:	0.9	
	
17:13:32	19	1	339.9	0.39	877.8	0.63	62.1	1.1	
17:13:44	19	2	350.8	0.39	879.1	0.63	62.1	1.0	
17:13:55	19	3	337.7	0.41	879.1	0.63	62.2	1.1	
	
Average of	3	 readings
  Incident light 		878.7	  Transmitted fraction:			0.39	   LAI:	1.1	
	
17:14:52	20	1	277.7	0.37	876.6	0.63	62.3	1.3	
17:15:05	20	2	261.2	0.54	876.6	0.63	62.3	1.4	
17:15:16	20	3	366.8	0.31	873.6	0.63	62.4	1.0	
	
Average of	3	 readings
  Incident light 		875.6	  Transmitted fraction:			0.34	   LAI:	1.2	
	
17:15:44	21	1	245.7	0.72	868.1	0.63	62.4	1.5	
17:15:53	21	2	272.6	0.58	862.6	0.63	62.4	1.3	
17:16:05	21	3	256.3	0.61	862.0	0.63	62.5	1.4	
	
Average of	3	 readings
  Incident light 		864.2	  Transmitted fraction:			0.30	   LAI:	1.4	
	
17:16:41	22	1	247.5	0.43	854.6	0.63	62.6	1.4	
17:16:53	22	2	260.3	0.58	848.5	0.63	62.6	1.4	
17:17:02	22	3	171.1	0.47	848.5	0.63	62.6	1.9	
	
Average of	3	 readings
  Incident light 		850.5	  Transmitted fraction:			0.27	   LAI:	1.6	
	
17:17:42	23	1	322.8	0.46	840.0	0.62	62.7	1.1	
17:17:49	23	2	329.1	0.47	840.6	0.62	62.7	1.1	
17:18:00	23	3	313.2	0.64	840.6	0.63	62.8	1.1	
	
Average of	3	 readings
  Incident light 		840.4	  Transmitted fraction:			0.38	   LAI:	1.1	
	
17:18:26	24	1	297.8	0.59	840.6	0.63	62.8	1.2	
17:18:45	24	2	364.3	0.37	836.9	0.62	62.9	0.9	
17:18:56	24	3	267.0	0.52	832.7	0.62	62.9	1.3	
	
Average of	3	 readings
  Incident light 		836.7	  Transmitted fraction:			0.37	   LAI:	1.1	
	
17:19:13	25	1	310.1	0.41	827.8	0.62	62.9	1.1	
17:19:21	25	2	158.3	0.57	829.0	0.62	63.0	1.9	
17:19:32	25	3	372.1	0.36	829.6	0.62	63.0	0.9	
	
Average of	3	 readings
  Incident light 		828.8	  Transmitted fraction:			0.34	   LAI:	1.3	
	
17:19:54	26	1	359.1	0.39	826.6	0.62	63.0	0.9	
17:20:04	26	2	335.5	0.47	826.6	0.62	63.1	1.0	
17:20:20	26	3	357.5	0.60	824.1	0.62	63.1	0.9	
	
Average of	3	 readings
  Incident light 		825.8	  Transmitted fraction:			0.42	   LAI:	1.0	
	
17:20:36	27	1	236.8	0.42	821.7	0.61	63.1	1.4	
17:21:09	27	2	222.5	0.46	813.1	0.61	63.2	1.5	
17:21:24	27	3	262.9	0.48	810.7	0.60	63.3	1.3	
	
Average of	3	 readings
  Incident light 		815.2	  Transmitted fraction:			0.30	   LAI:	1.4	
	
17:21:48	28	1	233.7	0.47	810.1	0.60	63.3	1.4	
17:21:56	28	2	234.8	0.57	810.7	0.60	63.3	1.4	
17:22:05	28	3	352.5	0.48	810.7	0.60	63.4	0.9	
	
Average of	3	 readings
  Incident light 		810.5	  Transmitted fraction:			0.34	   LAI:	1.3	
	
17:22:31	29	1	246.7	0.61	813.1	0.61	63.4	1.4	
17:22:42	29	2	230.0	0.61	813.1	0.61	63.5	1.4	
17:22:56	29	3	292.4	0.49	811.9	0.61	63.5	1.1	
	
Average of	3	 readings
  Incident light 		812.7	  Transmitted fraction:			0.32	   LAI:	1.3	
	
17:23:15	30	1	270.4	0.49	810.1	0.61	63.5	1.2	
17:23:23	30	2	305.7	0.47	807.0	0.61	63.6	1.1	
17:23:34	30	3	299.6	0.42	805.8	0.61	63.6	1.1	
	
Average of	3	 readings
  Incident light 		807.6	  Transmitted fraction:			0.36	   LAI:	1.1	
	
17:24:09	31	1	371.6	0.46	810.7	0.62	63.7	0.9	
17:24:22	31	2	338.7	0.43	807.0	0.62	63.7	1.0	
17:24:34	31	3	295.9	0.48	800.9	0.61	63.7	1.1	
	
Average of	3	 readings
  Incident light 		806.2	  Transmitted fraction:			0.42	   LAI:	1.0	
	
17:32:38	32	1	275.8	0.27	484.2	0.42	64.9	0.6	
17:32:51	32	2	266.3	0.30	550.1	0.49	65.0	0.8	
17:33:01	32	3	232.6	0.45	617.2	0.54	65.0	1.1	
	
Average of	3	 readings
  Incident light 		550.5	  Transmitted fraction:			0.48	   LAI:	0.8	
	
17:33:22	33	1	189.5	0.36	609.9	0.54	65.0	1.3	
17:33:31	33	2	162.1	0.58	649.0	0.57	65.1	1.6	
17:33:50	33	3	233.3	0.44	659.3	0.57	65.1	1.1	
	
Average of	3	 readings
  Incident light 		639.4	  Transmitted fraction:			0.30	   LAI:	1.3	
	
17:34:24	34	1	208.2	0.53	725.3	0.61	65.2	1.4	
17:35:23	34	2	238.6	0.48	703.9	0.60	65.3	1.2	
17:35:39	34	3	170.9	0.57	732.0	0.62	65.4	1.6	
	
Average of	3	 readings
  Incident light 		720.4	  Transmitted fraction:			0.29	   LAI:	1.4	
	
17:35:58	35	1	255.2	0.55	736.8	0.62	65.4	1.1	
17:36:06	35	2	284.4	0.56	738.7	0.62	65.5	1.0	
17:36:16	35	3	277.3	0.47	738.1	0.62	65.5	1.1	
	
Average of	3	 readings
  Incident light 		737.9	  Transmitted fraction:			0.37	   LAI:	1.1	
	
17:36:38	36	1	222.6	0.58	738.1	0.62	65.5	1.3	
17:36:46	36	2	208.8	0.54	739.9	0.62	65.6	1.4	
17:36:57	36	3	152.1	0.49	741.1	0.62	65.6	1.8	
	
Average of	3	 readings
  Incident light 		739.7	  Transmitted fraction:			0.26	   LAI:	1.5	
	
17:37:21	37	1	125.2	0.43	736.8	0.62	65.6	2.0	
17:37:48	37	2	138.0	0.54	735.0	0.61	65.7	1.9	
17:37:56	37	3	91.6	0.56	733.8	0.61	65.7	2.4	
	
Average of	3	 readings
  Incident light 		735.2	  Transmitted fraction:			0.16	   LAI:	2.1	
	
17:38:17	38	1	225.4	0.47	738.1	0.61	65.8	1.3	
17:38:23	38	2	286.0	0.40	736.2	0.61	65.8	1.0	
17:38:33	38	3	192.1	0.58	727.1	0.61	65.8	1.5	
	
Average of	3	 readings
  Incident light 		733.8	  Transmitted fraction:			0.32	   LAI:	1.3	
	
17:38:53	39	1	254.5	0.50	727.1	0.61	65.9	1.1	
17:39:01	39	2	267.2	0.40	727.7	0.61	65.9	1.1	
17:39:11	39	3	280.8	0.41	727.7	0.61	65.9	1.0	
	
Average of	3	 readings
  Incident light 		727.5	  Transmitted fraction:			0.37	   LAI:	1.1	
	
17:39:38	40	1	235.1	0.53	727.7	0.61	66.0	1.2	
17:39:47	40	2	183.1	0.61	727.7	0.61	66.0	1.5	
17:40:05	40	3	214.8	0.58	727.1	0.60	66.1	1.3	
	
Average of	3	 readings
  Incident light 		727.5	  Transmitted fraction:			0.29	   LAI:	1.3	
	
17:40:31	41	1	127.6	0.57	719.1	0.60	66.1	1.9	
17:40:38	41	2	138.8	0.64	717.9	0.60	66.1	1.8	
17:41:00	41	3	102.4	0.52	716.7	0.60	66.2	2.2	
	
Average of	3	 readings
  Incident light 		717.9	  Transmitted fraction:			0.17	   LAI:	2.0	
	
17:41:31	42	1	148.0	0.67	696.0	0.59	66.3	1.7	
17:41:40	42	2	142.8	0.56	655.1	0.56	66.3	1.7	
17:41:59	42	3	143.3	0.70	659.9	0.57	66.3	1.7	
	
Average of	3	 readings
  Incident light 		670.3	  Transmitted fraction:			0.22	   LAI:	1.7	
	
17:42:50	43	1	227.8	0.46	708.8	0.60	66.5	1.2	
17:43:00	43	2	272.1	0.43	705.1	0.60	66.5	1.0	
17:43:39	43	3	319.9	0.34	703.3	0.60	66.6	0.8	
	
Average of	3	 readings
  Incident light 		705.7	  Transmitted fraction:			0.39	   LAI:	1.0	
	
17:44:14	44	1	271.5	0.36	692.9	0.59	66.7	1.0	
17:44:24	44	2	337.8	0.34	689.8	0.59	66.7	0.7	
17:44:34	44	3	271.7	0.53	688.0	0.59	66.7	1.0	
	
Average of	3	 readings
  Incident light 		690.2	  Transmitted fraction:			0.43	   LAI:	0.9	
	
17:45:44	45	1	285.0	0.44	659.3	0.57	66.9	0.9	
17:45:54	45	2	271.1	0.35	663.0	0.58	66.9	0.9	
17:46:02	45	3	292.9	0.38	670.3	0.58	67.0	0.9	
	
Average of	3	 readings
  Incident light 		664.2	  Transmitted fraction:			0.43	   LAI:	0.9	
	
17:46:27	46	1	251.2	0.42	681.3	0.59	67.0	1.1	
17:46:35	46	2	279.9	0.44	681.3	0.59	67.0	0.9	
17:46:46	46	3	215.4	0.52	683.1	0.59	67.1	1.2	
	
Average of	3	 readings
  Incident light 		681.9	  Transmitted fraction:			0.36	   LAI:	1.1	
	
17:47:24	47	1	349.6	0.30	688.0	0.59	67.2	0.7	
17:47:31	47	2	264.8	0.45	689.2	0.59	67.2	1.0	
17:47:40	47	3	354.6	0.31	689.2	0.59	67.2	0.7	
	
Average of	3	 readings
  Incident light 		688.8	  Transmitted fraction:			0.47	   LAI:	0.8	
	
17:48:10	48	1	254.9	0.52	686.2	0.59	67.3	1.0	
17:48:18	48	2	282.9	0.31	683.7	0.59	67.3	0.9	
17:48:32	48	3	242.4	0.41	685.0	0.58	67.3	1.1	
	
Average of	3	 readings
  Incident light 		685.0	  Transmitted fraction:			0.38	   LAI:	1.0	
	
17:49:00	49	1	283.2	0.49	685.0	0.58	67.4	0.9	
17:49:15	49	2	276.5	0.50	686.2	0.58	67.4	0.9	
17:49:23	49	3	287.4	0.45	686.8	0.58	67.5	0.9	
	
Average of	3	 readings
  Incident light 		686.0	  Transmitted fraction:			0.41	   LAI:	0.9	
	
17:52:45	50	1	246.8	0.43	678.3	0.59	68.0	1.0	
17:52:56	50	2	298.9	0.34	675.8	0.59	68.0	0.8	
17:53:14	50	3	237.4	0.40	674.0	0.58	68.1	1.1	
	
Average of	3	 readings
  Incident light 		676.0	  Transmitted fraction:			0.39	   LAI:	1.0	
	
17:53:43	51	1	245.9	0.41	661.2	0.58	68.1	1.0	
17:53:52	51	2	179.0	0.49	661.2	0.58	68.2	1.4	
17:54:02	51	3	231.6	0.32	661.8	0.58	68.2	1.1	
	
Average of	3	 readings
  Incident light 		661.4	  Transmitted fraction:			0.33	   LAI:	1.2	
	
17:54:24	52	1	277.2	0.39	659.9	0.58	68.2	0.9	
17:54:35	52	2	214.0	0.42	659.3	0.58	68.3	1.2	
17:54:44	52	3	223.2	0.52	658.1	0.58	68.3	1.1	
	
Average of	3	 readings
  Incident light 		659.1	  Transmitted fraction:			0.36	   LAI:	1.1	
	
17:55:11	53	1	141.7	0.52	655.1	0.58	68.4	1.6	
17:55:24	53	2	153.9	0.70	653.8	0.58	68.4	1.5	
17:55:32	53	3	174.6	0.44	653.8	0.58	68.4	1.4	
	
Average of	3	 readings
  Incident light 		654.2	  Transmitted fraction:			0.24	   LAI:	1.5	
	
17:55:54	54	1	367.9	0.18	653.8	0.58	68.5	0.6	
17:56:03	54	2	273.2	0.40	653.8	0.58	68.5	0.9	
17:56:23	54	3	284.7	0.34	650.2	0.58	68.5	0.8	
	
Average of	3	 readings
  Incident light 		652.6	  Transmitted fraction:			0.47	   LAI:	0.8	
	
17:56:36	55	1	167.4	0.45	647.1	0.58	68.6	1.4	
17:56:49	55	2	143.1	0.64	645.3	0.57	68.6	1.6	
17:57:10	55	3	153.0	0.55	642.2	0.57	68.7	1.5	
	
Average of	3	 readings
  Incident light 		644.9	  Transmitted fraction:			0.24	   LAI:	1.5	
	
17:57:24	56	1	235.8	0.38	639.2	0.57	68.7	1.0	
17:57:31	56	2	156.5	0.49	637.4	0.57	68.7	1.5	
17:57:46	56	3	171.2	0.46	634.3	0.57	68.8	1.4	
	
Average of	3	 readings
  Incident light 		637.0	  Transmitted fraction:			0.29	   LAI:	1.3	
	
17:58:08	57	1	104.9	0.52	628.8	0.57	68.8	1.9	
17:58:17	57	2	124.3	0.57	626.4	0.57	68.8	1.7	
17:58:27	57	3	109.0	0.58	625.2	0.57	68.9	1.9	
	
Average of	3	 readings
  Incident light 		626.8	  Transmitted fraction:			0.18	   LAI:	1.9	
	
17:58:50	58	1	111.0	0.60	619.0	0.56	68.9	1.9	
17:59:00	58	2	108.0	0.59	617.2	0.56	68.9	1.9	
17:59:07	58	3	141.1	0.48	615.4	0.56	69.0	1.6	
	
Average of	3	 readings
  Incident light 		617.2	  Transmitted fraction:			0.19	   LAI:	1.8	
	
17:59:41	59	1	188.5	0.46	609.9	0.56	69.1	1.2	
17:59:50	59	2	106.6	0.79	609.9	0.56	69.1	1.9	
18:00:04	59	3	194.6	0.56	606.8	0.56	69.1	1.2	
	
Average of	3	 readings
  Incident light 		608.9	  Transmitted fraction:			0.27	   LAI:	1.4	
	
18:00:48	60	1	116.6	0.51	598.3	0.55	69.2	1.8	
18:00:55	60	2	135.9	0.54	595.9	0.55	69.2	1.6	
18:01:07	60	3	97.5	0.51	592.2	0.55	69.3	2.0	
	
Average of	3	 readings
  Incident light 		595.5	  Transmitted fraction:			0.20	   LAI:	1.8	
	
18:01:19	61	1	193.2	0.56	592.2	0.55	69.3	1.2	
18:01:27	61	2	155.0	0.53	589.1	0.55	69.3	1.4	
18:01:41	61	3	172.7	0.38	583.0	0.55	69.4	1.3	
	
Average of	3	 readings
  Incident light 		588.1	  Transmitted fraction:			0.30	   LAI:	1.3	
	
18:02:10	62	1	130.7	0.53	584.3	0.56	69.4	1.6	
18:02:26	62	2	112.9	0.61	582.4	0.56	69.5	1.7	
18:02:40	62	3	95.4	0.44	580.0	0.56	69.5	1.9	
	
Average of	3	 readings
  Incident light 		582.2	  Transmitted fraction:			0.19	   LAI:	1.8	
	
18:03:08	63	1	107.1	0.59	572.1	0.55	69.6	1.8	
18:03:18	63	2	101.7	0.55	570.2	0.55	69.6	1.9	
18:03:35	63	3	112.7	0.51	568.4	0.55	69.7	1.7	
	
Average of	3	 readings
  Incident light 		570.2	  Transmitted fraction:			0.19	   LAI:	1.8	
	
18:03:54	64	1	132.2	0.53	562.9	0.55	69.7	1.5	
18:04:01	64	2	116.1	0.50	557.4	0.54	69.7	1.7	
18:04:11	64	3	95.4	0.39	551.3	0.54	69.7	1.9	
	
Average of	3	 readings
  Incident light 		557.2	  Transmitted fraction:			0.21	   LAI:	1.7	
	
18:04:24	65	1	256.3	0.35	548.2	0.53	69.8	0.8	
18:04:49	65	2	225.8	0.46	544.0	0.53	69.8	0.9	
18:05:00	65	3	149.2	0.70	544.0	0.53	69.9	1.3	
	
Average of	3	 readings
  Incident light 		545.4	  Transmitted fraction:			0.39	   LAI:	1.0	
	
18:05:21	66	1	223.0	0.41	536.0	0.52	69.9	0.9	
18:05:29	66	2	268.9	0.31	536.0	0.52	70.0	0.7	
18:05:36	66	3	232.1	0.34	539.1	0.52	70.0	0.8	
	
Average of	3	 readings
  Incident light 		537.0	  Transmitted fraction:			0.45	   LAI:	0.8	
	
18:06:04	67	1	188.6	0.34	553.1	0.53	70.0	1.1	
18:06:15	67	2	144.4	0.40	557.4	0.54	70.1	1.4	
18:06:27	67	3	206.8	0.42	560.5	0.54	70.1	1.0	
	
Average of	3	 readings
  Incident light 		557.0	  Transmitted fraction:			0.32	   LAI:	1.2	
	
18:11:05	68	1	129.7	0.47	526.3	0.50	70.8	1.5	
18:11:26	68	2	146.6	0.44	518.3	0.49	70.9	1.3	
18:11:36	68	3	95.1	0.58	513.5	0.49	70.9	1.8	
	
Average of	3	 readings
  Incident light 		519.4	  Transmitted fraction:			0.24	   LAI:	1.5	
	
18:11:55	69	1	169.9	0.36	504.3	0.48	71.0	1.1	
18:12:05	69	2	135.8	0.44	501.3	0.47	71.0	1.4	
18:12:16	69	3	194.6	0.46	498.2	0.47	71.0	1.0	
	
Average of	3	 readings
  Incident light 		501.3	  Transmitted fraction:			0.33	   LAI:	1.2	
	
18:12:46	70	1	141.8	0.37	495.1	0.47	71.1	1.3	
18:12:55	70	2	161.4	0.42	495.1	0.47	71.1	1.2	
18:13:05	70	3	170.5	0.45	495.1	0.47	71.1	1.1	
	
Average of	3	 readings
  Incident light 		495.1	  Transmitted fraction:			0.32	   LAI:	1.2	
	
18:13:21	71	1	127.4	0.54	498.2	0.48	71.2	1.4	
18:13:29	71	2	103.3	0.56	499.4	0.48	71.2	1.7	
18:13:35	71	3	90.4	0.45	500.0	0.48	71.2	1.9	
	
Average of	3	 readings
  Incident light 		499.2	  Transmitted fraction:			0.21	   LAI:	1.7	
	
18:14:05	72	1	103.9	0.63	501.3	0.48	71.3	1.7	
18:14:12	72	2	112.3	0.42	502.5	0.48	71.3	1.6	
18:14:21	72	3	130.1	0.64	504.3	0.49	71.3	1.4	
18:14:42	72	4	137.3	0.42	505.5	0.49	71.4	1.4	
18:14:50	72	5	161.0	0.46	505.5	0.49	71.4	1.2	
18:15:01	72	6	151.9	0.42	504.3	0.49	71.4	1.2	
	
Average of	6	 readings
  Incident light 		503.9	  Transmitted fraction:			0.26	   LAI:	1.4	
	
18:15:58	73	1	155.7	0.40	498.2	0.49	71.6	1.2	
18:16:09	73	2	122.0	0.41	498.2	0.49	71.6	1.5	
18:16:20	73	3	152.3	0.37	497.0	0.48	71.6	1.2	
	
Average of	3	 readings
  Incident light 		497.8	  Transmitted fraction:			0.29	   LAI:	1.3	
	
18:16:32	74	1	99.3	0.50	496.4	0.48	71.7	1.7	
18:16:39	74	2	142.6	0.50	496.4	0.48	71.7	1.3	
18:16:47	74	3	139.8	0.57	495.1	0.48	71.7	1.3	
	
Average of	3	 readings
  Incident light 		496.0	  Transmitted fraction:			0.26	   LAI:	1.4	
	
18:17:01	75	1	129.1	0.55	495.1	0.48	71.8	1.4	
18:17:07	75	2	125.2	0.44	495.1	0.48	71.8	1.4	
18:17:15	75	3	121.0	0.57	495.1	0.48	71.8	1.5	
	
Average of	3	 readings
  Incident light 		495.1	  Transmitted fraction:			0.25	   LAI:	1.4	
	
18:17:29	76	1	146.5	0.40	494.5	0.48	71.8	1.2	
18:17:38	76	2	145.8	0.42	492.1	0.49	71.8	1.2	
18:17:47	76	3	113.3	0.59	492.1	0.49	71.9	1.5	
	
Average of	3	 readings
  Incident light 		492.9	  Transmitted fraction:			0.27	   LAI:	1.3	
	
18:18:12	77	1	179.5	0.42	491.5	0.48	71.9	1.0	
18:18:19	77	2	149.7	0.39	491.5	0.48	72.0	1.2	
18:18:32	77	3	174.1	0.34	490.3	0.48	72.0	1.0	
	
Average of	3	 readings
  Incident light 		491.1	  Transmitted fraction:			0.34	   LAI:	1.1	
	
18:19:01	78	1	174.4	0.29	488.4	0.48	72.1	1.0	
18:19:12	78	2	148.4	0.36	487.2	0.48	72.1	1.2	
18:19:22	78	3	159.4	0.42	487.2	0.48	72.1	1.1	
	
Average of	3	 readings
  Incident light 		487.6	  Transmitted fraction:			0.33	   LAI:	1.1	
	
18:19:51	79	1	234.9	0.30	484.2	0.48	72.2	0.7	
18:19:57	79	2	202.6	0.41	484.2	0.48	72.2	0.9	
18:20:06	79	3	189.9	0.44	484.2	0.48	72.2	0.9	
	
Average of	3	 readings
  Incident light 		484.2	  Transmitted fraction:			0.43	   LAI:	0.8	
	
18:20:40	80	1	163.9	0.40	482.3	0.48	72.3	1.1	
18:20:48	80	2	177.6	0.33	481.1	0.48	72.3	1.0	
18:21:01	80	3	194.9	0.25	480.5	0.48	72.4	0.9	
	
Average of	3	 readings
  Incident light 		481.3	  Transmitted fraction:			0.37	   LAI:	1.0	
	
18:21:39	81	1	113.2	0.37	477.4	0.48	72.5	1.5	
18:21:45	81	2	144.1	0.41	477.4	0.48	72.5	1.2	
18:21:58	81	3	177.2	0.31	475.0	0.47	72.5	1.0	
	
Average of	3	 readings
  Incident light 		476.6	  Transmitted fraction:			0.30	   LAI:	1.2	
	
18:22:18	82	1	163.2	0.34	471.3	0.47	72.6	1.1	
18:22:30	82	2	145.8	0.43	470.1	0.47	72.6	1.2	
18:22:41	82	3	119.9	0.50	468.3	0.47	72.6	1.4	
	
Average of	3	 readings
  Incident light 		469.9	  Transmitted fraction:			0.30	   LAI:	1.2	
	
18:23:56	83	1	124.1	0.43	458.5	0.46	72.8	1.3	
18:24:06	83	2	92.2	0.39	457.3	0.45	72.9	1.7	
18:24:14	83	3	119.9	0.42	456.1	0.45	72.9	1.4	
	
Average of	3	 readings
  Incident light 		457.3	  Transmitted fraction:			0.25	   LAI:	1.5	
	
18:24:37	84	1	123.4	0.41	453.0	0.45	72.9	1.3	
18:24:45	84	2	155.0	0.42	452.4	0.45	73.0	1.1	
18:24:55	84	3	127.5	0.35	450.6	0.45	73.0	1.3	
	
Average of	3	 readings
  Incident light 		452.0	  Transmitted fraction:			0.30	   LAI:	1.2	
	
18:26:37	85	1	189.6	0.40	440.2	0.45	73.3	0.8	
18:26:52	85	2	175.4	0.49	439.6	0.44	73.3	0.9	
18:26:59	85	3	146.9	0.41	439.6	0.44	73.3	1.1	
	
Average of	3	 readings
  Incident light 		439.8	  Transmitted fraction:			0.39	   LAI:	0.9	
	
18:27:29	86	1	120.0	0.42	436.6	0.44	73.4	1.3	
18:27:36	86	2	85.5	0.31	436.6	0.44	73.4	1.8	
18:27:44	86	3	92.7	0.55	435.3	0.44	73.4	1.6	
	
Average of	3	 readings
  Incident light 		436.2	  Transmitted fraction:			0.23	   LAI:	1.6	
	
18:28:11	87	1	163.0	0.37	432.3	0.44	73.5	1.0	
18:28:20	87	2	125.4	0.26	431.1	0.43	73.5	1.3	
18:28:29	87	3	98.2	0.30	430.5	0.43	73.6	1.6	
	
Average of	3	 readings
  Incident light 		431.3	  Transmitted fraction:			0.30	   LAI:	1.3	
	
18:28:55	88	1	135.4	0.47	426.2	0.43	73.6	1.2	
18:29:01	88	2	148.7	0.34	426.2	0.43	73.6	1.1	
18:29:09	88	3	131.4	0.45	426.2	0.43	73.7	1.2	
	
Average of	3	 readings
  Incident light 		426.2	  Transmitted fraction:			0.33	   LAI:	1.1	
	
18:29:26	89	1	131.0	0.34	425.6	0.43	73.7	1.2	
18:29:34	89	2	117.3	0.42	425.6	0.43	73.7	1.3	
18:29:46	89	3	116.1	0.31	425.6	0.43	73.8	1.3	
	
Average of	3	 readings
  Incident light 		425.6	  Transmitted fraction:			0.29	   LAI:	1.3	
	
18:30:09	90	1	148.7	0.41	423.1	0.43	73.8	1.0	
18:30:15	90	2	167.3	0.30	423.1	0.43	73.8	0.9	
18:30:25	90	3	119.5	0.39	422.5	0.43	73.9	1.3	
	
Average of	3	 readings
  Incident light 		422.9	  Transmitted fraction:			0.34	   LAI:	1.1	
	
18:30:44	91	1	136.1	0.39	418.2	0.43	73.9	1.1	
18:30:50	91	2	107.0	0.28	416.4	0.43	73.9	1.4	
18:30:58	91	3	98.3	0.41	414.6	0.43	73.9	1.5	
	
Average of	3	 readings
  Incident light 		416.4	  Transmitted fraction:			0.27	   LAI:	1.3	
	
18:31:11	92	1	176.4	0.36	413.4	0.43	74.0	0.8	
18:31:17	92	2	155.9	0.50	413.4	0.43	74.0	1.0	
18:31:25	92	3	137.5	0.46	413.4	0.43	74.0	1.1	
	
Average of	3	 readings
  Incident light 		413.4	  Transmitted fraction:			0.38	   LAI:	1.0	
	
18:31:44	93	1	142.8	0.38	411.5	0.43	74.1	1.1	
18:31:51	93	2	163.2	0.35	411.5	0.43	74.1	0.9	
18:31:57	93	3	123.4	0.37	411.5	0.43	74.1	1.2	
	
Average of	3	 readings
  Incident light 		411.5	  Transmitted fraction:			0.35	   LAI:	1.1	
	
18:32:25	94	1	130.6	0.57	409.1	0.43	74.2	1.1	
18:32:31	94	2	149.3	0.49	408.5	0.43	74.2	1.0	
18:32:39	94	3	133.9	0.44	408.5	0.43	74.2	1.1	
	
Average of	3	 readings
  Incident light 		408.7	  Transmitted fraction:			0.34	   LAI:	1.1	
	
18:32:52	95	1	121.6	0.52	407.3	0.42	74.2	1.2	
18:32:58	95	2	117.0	0.48	406.6	0.42	74.3	1.3	
18:33:06	95	3	77.4	0.46	405.4	0.43	74.3	1.8	
	
Average of	3	 readings
  Incident light 		406.4	  Transmitted fraction:			0.26	   LAI:	1.4	
	
18:33:37	96	1	146.4	0.41	405.4	0.43	74.4	1.0	
18:33:44	96	2	140.2	0.37	405.4	0.43	74.4	1.0	
18:34:09	96	3	143.3	0.28	404.2	0.43	74.4	1.0	
	
Average of	3	 readings
  Incident light 		405.0	  Transmitted fraction:			0.35	   LAI:	1.0	
	
18:34:29	97	1	117.9	0.36	402.4	0.42	74.5	1.2	
18:34:42	97	2	122.5	0.47	400.5	0.43	74.5	1.2	
18:34:48	97	3	144.4	0.34	400.5	0.43	74.6	1.0	
	
Average of	3	 readings
  Incident light 		401.1	  Transmitted fraction:			0.32	   LAI:	1.1	
	
18:35:13	98	1	104.0	0.37	397.5	0.42	74.6	1.4	
18:35:20	98	2	123.5	0.35	396.3	0.42	74.6	1.2	
18:35:27	98	3	115.3	0.33	395.7	0.42	74.7	1.2	
	
Average of	3	 readings
  Incident light 		396.5	  Transmitted fraction:			0.29	   LAI:	1.3	
	
18:35:51	99	1	120.6	0.31	392.6	0.42	74.7	1.2	
18:36:00	99	2	105.1	0.32	389.6	0.41	74.7	1.3	
18:36:08	99	3	115.6	0.39	385.3	0.41	74.8	1.2	
	
Average of	3	 readings
  Incident light 		389.2	  Transmitted fraction:			0.29	   LAI:	1.2	
	
18:36:30	100	1	111.7	0.57	380.4	0.40	74.8	1.3	
18:36:39	100	2	150.1	0.47	377.3	0.40	74.8	0.9	
18:36:48	100	3	73.3	0.34	375.5	0.40	74.9	1.8	
	
Average of	3	 readings
  Incident light 		377.7	  Transmitted fraction:			0.30	   LAI:	1.3	
	
18:37:08	101	1	79.3	0.33	371.2	0.39	74.9	1.7	
18:37:14	101	2	84.3	0.37	369.4	0.39	74.9	1.6	
18:37:26	101	3	90.1	0.28	365.1	0.39	75.0	1.5	
	
Average of	3	 readings
  Incident light 		368.6	  Transmitted fraction:			0.23	   LAI:	1.6	
	
18:37:56	102	1	52.7	0.33	358.4	0.38	75.0	2.2	
18:38:03	102	2	65.2	0.29	357.2	0.38	75.1	1.9	
18:38:11	102	3	45.1	0.35	357.2	0.38	75.1	2.4	
	
Average of	3	 readings
  Incident light 		357.6	  Transmitted fraction:			0.15	   LAI:	2.2	
	
