Created by SunData for Windows Mobile v2.0.0.1
	
Title     :	LAI Grossmutz REF
Location  :	Grossmutz REF
Latitude  :	52.5N	Longitude :	13.0E
2021-02-25		Local time is GMT+1 Hrs
SunScan probe v1.02R (C) JGW 2004/01/19
	
Ext Sensor: BFS		  Leaf Angle Distn Parameter:				1.2	  Leaf Absorption:		0.85
Group   1 :	DAKIS Grossmutz REF
	
Time	patch	messung	Trans-	Spread	Incid-	Beam	Zenith	LAI	Notes
			mitted		 ent	frac	Angle

15:48:07	1	1	184.9	0.14	273.4	0.39	75.5	0.4	
15:48:26	1	2	195.2	0.07	263.7	0.37	75.6	0.3	
15:48:38	1	3	189.5	0.09	256.3	0.35	75.6	0.3	
15:48:50	1	4	186.1	0.06	241.7	0.32	75.6	0.2	
15:48:57	1	5	176.4	0.07	236.8	0.31	75.6	0.3	
15:49:05	1	6	184.0	0.09	234.4	0.30	75.6	0.2	
15:49:23	1	7	168.7	0.04	217.3	0.28	75.7	0.2	
15:49:32	1	8	165.2	0.07	208.7	0.25	75.7	0.2	
15:49:41	1	9	168.7	0.06	206.3	0.24	75.7	0.2	
15:49:54	1	10	172.5	0.05	205.1	0.20	75.7	0.2	
15:50:00	1	11	165.5	0.06	206.3	0.21	75.7	0.2	
15:50:07	1	12	166.5	0.06	201.4	0.19	75.8	0.2	
15:51:20	1	13	237.7	0.08	249.0	0.30	75.9	0.0	
15:51:28	1	14	232.4	0.06	247.8	0.30	75.9	0.1	
15:51:46	1	15	227.6	0.08	250.2	0.30	76.0	0.1	
15:52:00	1	16	186.3	0.14	247.8	0.30	76.0	0.3	
15:52:06	1	17	187.8	0.07	247.8	0.30	76.0	0.3	
15:52:13	1	18	201.8	0.07	250.2	0.31	76.0	0.2	
15:52:22	1	19	170.9	0.03	246.6	0.30	76.0	0.3	
15:52:28	1	20	173.0	0.03	250.2	0.31	76.0	0.3	
15:52:34	1	21	170.5	0.06	247.8	0.30	76.1	0.4	
15:52:48	1	22	179.6	0.04	242.9	0.29	76.1	0.3	
15:52:55	1	23	178.4	0.07	249.0	0.30	76.1	0.3	
15:53:07	1	24	184.1	0.06	242.9	0.29	76.1	0.3	
15:54:31	1	25	177.7	0.07	234.4	0.22	76.3	0.3	
15:54:40	1	26	173.0	0.07	233.2	0.21	76.3	0.3	
15:54:51	1	27	174.6	0.11	228.3	0.21	76.3	0.3	
15:55:05	1	28	174.4	0.07	231.9	0.19	76.4	0.3	
15:55:11	1	29	167.2	0.12	231.9	0.19	76.4	0.3	
15:55:18	1	30	171.1	0.08	229.5	0.19	76.4	0.3	
15:55:29	1	31	161.8	0.12	228.3	0.19	76.4	0.3	
15:55:34	1	32	169.4	0.08	228.3	0.19	76.4	0.3	
15:55:43	1	33	163.9	0.09	224.6	0.17	76.5	0.3	
15:55:53	1	34	185.4	0.04	222.2	0.17	76.5	0.2	
15:55:59	1	35	178.3	0.07	222.2	0.17	76.5	0.2	
15:56:05	1	36	184.9	0.08	220.9	0.16	76.5	0.2	
15:57:59	1	37	217.7	0.17	300.3	0.44	76.7	0.3	
15:58:06	1	38	241.4	0.07	300.3	0.44	76.7	0.2	
15:58:16	1	39	240.6	0.05	300.3	0.44	76.8	0.2	
15:58:32	1	40	217.1	0.14	300.3	0.43	76.8	0.3	
15:58:42	1	41	226.0	0.15	299.1	0.44	76.8	0.2	
15:58:51	1	42	236.9	0.09	299.1	0.43	76.8	0.2	
15:58:59	1	43	223.4	0.09	297.9	0.43	76.9	0.2	
15:59:04	1	44	220.5	0.12	299.1	0.43	76.9	0.3	
15:59:14	1	45	241.3	0.08	299.1	0.43	76.9	0.2	
15:59:22	1	46	238.8	0.05	299.1	0.43	76.9	0.2	
15:59:27	1	47	233.7	0.08	297.9	0.43	76.9	0.2	
15:59:36	1	48	220.5	0.09	296.6	0.43	76.9	0.2	
16:01:00	1	49	211.6	0.16	301.5	0.46	77.1	0.3	
16:01:06	1	50	216.8	0.11	301.5	0.45	77.1	0.3	
16:01:18	1	51	225.2	0.10	301.5	0.45	77.2	0.2	
16:01:29	1	52	219.9	0.10	299.1	0.45	77.2	0.3	
16:01:35	1	53	226.4	0.11	299.1	0.45	77.2	0.2	
16:01:42	1	54	234.0	0.05	297.9	0.45	77.2	0.2	
16:01:51	1	55	220.2	0.15	296.6	0.45	77.2	0.2	
16:01:59	1	56	216.0	0.12	297.9	0.44	77.2	0.3	
16:02:12	1	57	200.0	0.22	295.4	0.45	77.3	0.3	
16:02:21	1	58	205.5	0.14	295.4	0.45	77.3	0.3	
16:02:26	1	59	199.3	0.17	294.2	0.44	77.3	0.3	
16:02:33	1	60	202.7	0.11	294.2	0.44	77.3	0.3	
16:04:01	1	61	226.0	0.08	284.4	0.39	77.5	0.2	
16:04:08	1	62	202.5	0.14	283.2	0.38	77.5	0.3	
16:04:14	1	63	214.1	0.09	282.0	0.38	77.5	0.2	
16:04:22	1	64	205.0	0.28	283.2	0.38	77.5	0.3	
16:04:30	1	65	218.5	0.06	282.0	0.38	77.6	0.2	
16:04:37	1	66	216.5	0.15	280.8	0.37	77.6	0.2	
16:04:53	1	67	194.6	0.16	280.8	0.37	77.6	0.3	
16:04:58	1	68	199.5	0.17	280.8	0.37	77.6	0.3	
16:05:05	1	69	203.7	0.09	280.8	0.37	77.6	0.3	
16:05:14	1	70	213.4	0.11	280.8	0.37	77.6	0.2	
16:05:23	1	71	195.0	0.24	280.8	0.37	77.7	0.3	
16:05:29	1	72	209.6	0.11	280.8	0.37	77.7	0.2	
16:07:03	1	73	230.1	0.03	271.0	0.32	77.9	0.1	
16:07:09	1	74	217.0	0.09	271.0	0.32	77.9	0.2	
16:07:17	1	75	215.4	0.13	271.0	0.32	77.9	0.2	
16:07:25	1	76	221.6	0.07	271.0	0.32	77.9	0.2	
16:07:32	1	77	223.3	0.05	269.8	0.31	77.9	0.2	
16:07:38	1	78	213.4	0.09	269.8	0.31	78.0	0.2	
16:07:47	1	79	212.9	0.07	268.6	0.31	78.0	0.2	
16:07:54	1	80	195.0	0.15	268.6	0.31	78.0	0.3	
16:08:02	1	81	209.9	0.13	268.6	0.31	78.0	0.2	
16:08:19	1	82	216.1	0.07	266.1	0.30	78.0	0.2	
16:08:26	1	83	198.8	0.16	266.1	0.30	78.1	0.3	
16:08:32	1	84	208.9	0.10	264.9	0.30	78.1	0.2	
16:10:31	1	85	192.4	0.11	251.5	0.42	78.3	0.2	
16:10:38	1	86	203.8	0.08	252.7	0.41	78.3	0.2	
16:10:44	1	87	191.9	0.06	251.5	0.43	78.4	0.2	
16:10:56	1	88	198.0	0.07	255.1	0.41	78.4	0.2	
16:11:02	1	89	186.1	0.14	253.9	0.41	78.4	0.2	
16:11:10	1	90	196.7	0.07	253.9	0.41	78.4	0.2	
16:11:17	1	91	167.9	0.13	253.9	0.40	78.4	0.3	
16:11:23	1	92	153.5	0.21	252.7	0.40	78.4	0.4	
16:11:30	1	93	185.2	0.15	251.5	0.40	78.5	0.2	
16:11:42	1	94	211.7	0.05	251.5	0.41	78.5	0.1	
16:11:50	1	95	206.2	0.04	250.2	0.40	78.5	0.2	
16:11:58	1	96	190.1	0.10	250.2	0.39	78.5	0.2	
16:14:52	1	97	199.8	0.06	249.0	0.33	78.9	0.2	
16:14:59	1	98	199.5	0.05	249.0	0.33	78.9	0.2	
16:15:08	1	99	196.2	0.05	250.2	0.34	78.9	0.2	
16:15:17	1	100	177.7	0.10	249.0	0.33	78.9	0.3	
16:15:24	1	101	176.5	0.11	249.0	0.33	79.0	0.3	
16:15:30	1	102	176.0	0.11	247.8	0.33	79.0	0.3	
16:15:38	1	103	185.9	0.08	247.8	0.33	79.0	0.2	
16:15:44	1	104	167.6	0.20	247.8	0.33	79.0	0.3	
16:15:52	1	105	192.7	0.06	247.8	0.33	79.0	0.2	
16:16:03	1	106	180.1	0.13	246.6	0.34	79.0	0.3	
16:16:09	1	107	189.6	0.07	246.6	0.33	79.1	0.2	
16:16:17	1	108	191.4	0.05	246.6	0.33	79.1	0.2	
16:17:36	1	109	168.6	0.10	236.8	0.34	79.2	0.3	
16:17:43	1	110	162.9	0.11	236.8	0.34	79.3	0.3	
16:17:50	1	111	166.1	0.15	235.6	0.34	79.3	0.3	
16:18:02	1	112	151.4	0.15	236.8	0.34	79.3	0.4	
16:18:07	1	113	167.3	0.09	236.8	0.34	79.3	0.3	
16:18:14	1	114	154.9	0.20	236.8	0.34	79.3	0.4	
16:18:24	1	115	161.7	0.13	235.6	0.34	79.4	0.3	
16:18:29	1	116	164.2	0.13	235.6	0.34	79.4	0.3	
16:18:36	1	117	176.5	0.10	235.6	0.34	79.4	0.2	
16:18:43	1	118	182.1	0.11	235.6	0.34	79.4	0.2	
16:18:49	1	119	175.3	0.12	235.6	0.34	79.4	0.2	
16:18:56	1	120	170.5	0.10	235.6	0.34	79.4	0.3	
16:19:50	1	121	162.5	0.11	220.9	0.35	79.5	0.2	
16:19:55	1	122	153.4	0.15	219.7	0.34	79.6	0.3	
16:20:02	1	123	161.0	0.13	219.7	0.34	79.6	0.3	
16:20:10	1	124	148.2	0.15	220.9	0.35	79.6	0.3	
16:20:15	1	125	159.6	0.09	219.7	0.34	79.6	0.3	
16:20:21	1	126	159.8	0.10	219.7	0.34	79.6	0.3	
16:20:29	1	127	160.6	0.12	218.5	0.34	79.6	0.2	
16:20:35	1	128	153.6	0.18	218.5	0.34	79.6	0.3	
16:20:41	1	129	174.3	0.06	218.5	0.35	79.7	0.2	
16:20:49	1	130	174.6	0.10	218.5	0.34	79.7	0.2	
16:20:56	1	131	165.0	0.19	217.3	0.34	79.7	0.2	
16:21:02	1	132	168.4	0.09	217.3	0.34	79.7	0.2	
16:22:48	1	133	168.8	0.05	203.9	0.33	79.9	0.1	
16:22:54	1	134	149.7	0.14	203.9	0.33	79.9	0.2	
16:23:02	1	135	156.5	0.11	202.6	0.33	80.0	0.2	
16:23:16	1	136	151.6	0.13	202.6	0.34	80.0	0.2	
16:23:22	1	137	163.6	0.08	202.6	0.34	80.0	0.2	
16:23:29	1	138	160.1	0.08	202.6	0.34	80.0	0.2	
16:23:37	1	139	153.9	0.08	203.9	0.33	80.0	0.2	
16:23:42	1	140	152.7	0.08	202.6	0.34	80.1	0.2	
16:23:49	1	141	157.6	0.07	202.6	0.33	80.1	0.2	
16:23:56	1	142	164.2	0.06	201.4	0.34	80.1	0.2	
16:24:01	1	143	157.2	0.11	202.6	0.33	80.1	0.2	
16:24:06	1	144	163.4	0.07	201.4	0.35	80.1	0.2	
16:25:41	1	145	144.6	0.11	190.4	0.27	80.3	0.2	
16:25:49	1	146	146.2	0.10	189.2	0.26	80.3	0.2	
16:25:57	1	147	150.4	0.12	188.0	0.26	80.4	0.2	
16:26:07	1	148	154.8	0.10	189.2	0.26	80.4	0.2	
16:26:13	1	149	163.7	0.02	188.0	0.26	80.4	0.1	
16:26:20	1	150	155.1	0.09	188.0	0.26	80.4	0.2	
16:26:46	1	151	133.9	0.13	185.5	0.25	80.5	0.3	
16:26:52	1	152	145.3	0.11	185.5	0.25	80.5	0.2	
16:26:58	1	153	140.4	0.08	183.1	0.25	80.5	0.2	
16:27:04	1	154	155.0	0.05	184.3	0.24	80.5	0.1	
16:27:10	1	155	135.4	0.18	183.1	0.25	80.5	0.3	
16:27:16	1	156	143.0	0.12	183.1	0.25	80.5	0.2	
	
Title     :	LAI Grossmutz  REF
Location  :	Grossmutz
Latitude  :	52.5N	Longitude :	13.0E
2021-03-24		Local time is GMT+1 Hrs
SunScan probe v1.02R (C) JGW 2004/01/19
	
Ext Sensor: BFS		  Leaf Angle Distn Parameter:				1	  Leaf Absorption:		0.85
Group   1 :	
	
Time	patch	messung	Trans-	Spread	Incid-	Beam	Zenith	LAI	Notes
			mitted		 ent	frac	Angle

15:05:01	1	1	329.9	0.09	383.3	0.04	62.0	0.2	
15:05:13	1	2	317.4	0.10	380.9	0.04	62.0	0.2	
15:05:30	1	3	286.3	0.20	380.9	0.03	62.0	0.3	
15:05:46	1	4	281.6	0.20	377.2	0.04	62.0	0.3	
15:06:12	1	5	294.4	0.19	378.4	0.05	62.1	0.3	
15:06:39	1	6	291.7	0.15	382.1	0.02	62.1	0.3	
15:06:49	1	7	291.5	0.17	385.7	0.03	62.2	0.3	
15:07:01	1	8	317.8	0.12	384.5	0.02	62.2	0.2	
15:07:14	1	9	324.5	0.12	388.2	0.03	62.2	0.2	
15:07:24	1	10	322.7	0.14	393.1	0.04	62.2	0.2	
15:07:37	1	11	273.0	0.25	401.6	0.04	62.3	0.5	
15:08:50	1	12	475.5	0.09	562.7	0.28	62.4	0.2	
15:08:58	1	13	537.9	0.11	612.8	0.33	62.4	0.1	
15:09:08	1	14	592.0	0.13	717.8	0.42	62.4	0.2	
15:09:20	1	15	531.9	0.18	636.0	0.34	62.5	0.2	
15:09:29	1	16	608.6	0.15	678.7	0.37	62.5	0.1	
15:09:39	1	17	566.6	0.23	677.5	0.36	62.5	0.2	
15:10:32	1	18	800.9	0.05	861.8	0.45	62.6	0.1	
15:10:40	1	19	764.0	0.11	852.1	0.44	62.6	0.1	
15:10:49	1	20	774.9	0.09	847.2	0.44	62.6	0.1	
15:11:02	1	21	651.5	0.17	771.5	0.37	62.7	0.2	
15:11:10	1	22	684.1	0.12	777.6	0.37	62.7	0.1	
15:11:23	1	23	710.2	0.10	802.0	0.38	62.7	0.1	
15:13:31	1	24	679.6	0.15	820.3	0.39	63.0	0.2	
15:13:40	1	25	638.9	0.20	821.5	0.40	63.0	0.3	
15:13:51	1	26	559.0	0.31	842.3	0.42	63.0	0.5	
15:14:10	1	27	444.3	0.18	571.3	0.15	63.0	0.3	
15:14:34	1	28	387.1	0.17	521.2	0.09	63.1	0.3	
15:14:47	1	29	311.8	0.26	496.8	0.06	63.1	0.6	
15:14:58	1	30	339.8	0.24	477.3	0.04	63.1	0.4	
15:15:13	1	31	248.7	0.39	455.3	0.04	63.2	0.8	
15:15:35	1	32	341.5	0.15	433.3	0.05	63.2	0.3	
15:15:46	1	33	317.1	0.20	433.3	0.06	63.2	0.4	
15:20:07	1	34	394.7	0.14	466.3	0.10	63.8	0.2	
15:20:17	1	35	385.9	0.13	471.2	0.09	63.8	0.2	
15:20:30	1	36	388.0	0.16	488.3	0.10	63.8	0.3	
15:21:21	1	37	403.1	0.19	511.5	0.09	63.9	0.3	
15:21:29	1	38	475.1	0.12	550.5	0.15	63.9	0.2	
15:21:42	1	39	496.3	0.17	650.6	0.27	64.0	0.3	
15:22:05	1	40	506.1	0.20	698.2	0.30	64.0	0.4	
15:22:16	1	41	478.1	0.25	698.2	0.30	64.0	0.4	
15:22:27	1	42	618.1	0.14	737.3	0.33	64.1	0.2	
15:22:43	1	43	624.7	0.12	747.1	0.33	64.1	0.2	
15:22:55	1	44	574.5	0.19	734.9	0.32	64.1	0.3	
15:23:08	1	45	585.2	0.14	732.4	0.31	64.1	0.2	
15:25:41	1	46	424.1	0.43	754.4	0.32	64.5	0.7	
15:25:58	1	47	523.6	0.27	706.8	0.27	64.5	0.3	
15:26:10	1	48	588.2	0.14	742.2	0.30	64.5	0.3	
15:26:30	1	49	547.0	0.24	756.8	0.31	64.6	0.4	
15:26:38	1	50	571.4	0.23	762.9	0.31	64.6	0.3	
15:26:52	1	51	601.2	0.25	770.3	0.32	64.6	0.3	
15:27:12	1	52	638.1	0.18	765.4	0.33	64.6	0.2	
15:27:21	1	53	519.9	0.31	773.9	0.34	64.7	0.4	
15:27:31	1	54	497.8	0.21	660.4	0.23	64.7	0.3	
15:27:56	1	55	562.3	0.29	795.9	0.36	64.7	0.4	
15:28:05	1	56	449.0	0.33	808.1	0.37	64.8	0.7	
15:28:17	1	57	558.9	0.29	820.3	0.37	64.8	0.4	
15:31:59	1	58	555.3	0.32	811.8	0.38	65.2	0.4	
15:32:18	1	59	604.5	0.20	803.2	0.38	65.3	0.3	
15:32:28	1	60	625.7	0.20	800.8	0.37	65.3	0.3	
15:32:44	1	61	641.9	0.21	786.1	0.36	65.3	0.2	
15:33:01	1	62	525.4	0.41	766.6	0.34	65.4	0.4	
15:33:14	1	63	635.1	0.18	759.3	0.33	65.4	0.2	
15:33:34	1	64	526.6	0.27	748.3	0.32	65.5	0.4	
15:33:46	1	65	574.9	0.28	760.5	0.33	65.5	0.3	
15:34:00	1	66	503.6	0.25	765.4	0.33	65.5	0.5	
15:34:12	1	67	644.4	0.17	764.2	0.32	65.5	0.2	
15:34:22	1	68	473.9	0.42	745.8	0.30	65.6	0.5	
15:34:40	1	69	624.9	0.17	742.2	0.30	65.6	0.2	
15:37:33	1	70	586.3	0.20	699.5	0.31	66.0	0.2	
15:37:46	1	71	636.3	0.10	708.0	0.32	66.0	0.1	
15:37:59	1	72	640.1	0.10	711.7	0.32	66.0	0.1	
15:38:26	1	73	643.7	0.17	719.0	0.33	66.1	0.1	
15:38:36	1	74	676.4	0.10	722.7	0.34	66.1	0.1	
15:38:46	1	75	640.7	0.16	728.8	0.35	66.1	0.1	
15:39:06	1	76	467.8	0.49	734.9	0.36	66.2	0.5	
15:39:18	1	77	584.4	0.23	741.0	0.36	66.2	0.3	
15:39:34	1	78	608.3	0.23	747.1	0.36	66.2	0.2	
15:39:51	1	79	650.0	0.11	749.5	0.36	66.3	0.1	
15:40:03	1	80	599.7	0.17	737.3	0.36	66.3	0.2	
15:40:21	1	81	590.7	0.18	720.2	0.36	66.3	0.2	
15:44:02	1	82	416.2	0.22	576.2	0.33	66.8	0.3	
15:44:14	1	83	439.6	0.12	533.4	0.27	66.8	0.2	
15:44:26	1	84	410.0	0.20	551.8	0.30	66.9	0.3	
15:44:48	1	85	465.7	0.12	551.8	0.28	66.9	0.2	
15:44:58	1	86	332.1	0.26	493.2	0.19	66.9	0.4	
15:45:12	1	87	331.0	0.28	496.8	0.19	67.0	0.5	
15:45:29	1	88	354.0	0.27	537.1	0.25	67.0	0.5	
15:45:39	1	89	358.8	0.35	584.7	0.31	67.0	0.5	
15:45:55	1	90	443.7	0.23	600.6	0.33	67.1	0.3	
15:46:19	1	91	553.7	0.05	601.8	0.33	67.1	0.1	
15:46:35	1	92	432.6	0.31	595.7	0.33	67.1	0.3	
15:46:47	1	93	424.2	0.29	601.8	0.34	67.2	0.4	
15:51:44	1	94	529.8	0.16	622.6	0.36	67.8	0.2	
15:51:53	1	95	532.3	0.15	626.2	0.36	67.8	0.2	
15:52:04	1	96	553.6	0.10	631.1	0.37	67.9	0.1	
15:52:23	1	97	479.6	0.22	634.8	0.37	67.9	0.3	
15:52:32	1	98	396.7	0.39	632.3	0.37	67.9	0.5	
15:52:52	1	99	466.4	0.26	632.3	0.36	68.0	0.3	
15:53:04	1	100	477.7	0.20	634.8	0.37	68.0	0.3	
15:53:14	1	101	483.9	0.28	634.8	0.37	68.0	0.3	
15:53:25	1	102	507.8	0.18	631.1	0.37	68.0	0.2	
15:53:40	1	103	420.9	0.39	622.6	0.36	68.1	0.4	
15:53:52	1	104	553.7	0.07	622.6	0.36	68.1	0.1	
15:54:03	1	105	508.4	0.19	622.6	0.37	68.1	0.2	
15:57:29	1	106	396.2	0.28	572.5	0.38	68.6	0.4	
15:57:42	1	107	417.1	0.21	573.7	0.38	68.6	0.3	
15:57:53	1	108	412.0	0.22	576.2	0.39	68.6	0.3	
15:58:07	1	109	402.9	0.25	578.6	0.39	68.7	0.4	
15:58:18	1	110	342.8	0.44	578.6	0.40	68.7	0.5	
15:58:28	1	111	384.5	0.35	577.4	0.40	68.7	0.4	
15:58:50	1	112	379.4	0.32	576.2	0.40	68.8	0.4	
15:59:01	1	113	358.3	0.38	573.7	0.40	68.8	0.5	
15:59:10	1	114	444.1	0.18	573.7	0.40	68.8	0.3	
15:59:34	1	115	479.2	0.14	566.4	0.39	68.9	0.2	
15:59:43	1	116	461.3	0.15	561.5	0.39	68.9	0.2	
15:59:54	1	117	376.5	0.25	548.1	0.38	68.9	0.4	
16:05:54	1	118	426.0	0.12	524.9	0.32	69.7	0.2	
16:06:05	1	119	387.4	0.28	527.3	0.32	69.8	0.3	
16:06:18	1	120	416.9	0.13	526.1	0.33	69.8	0.2	
16:06:42	1	121	339.0	0.33	517.6	0.32	69.8	0.4	
16:06:55	1	122	419.4	0.14	512.7	0.31	69.9	0.2	
16:07:05	1	123	362.4	0.26	515.1	0.32	69.9	0.4	
16:07:18	1	124	374.2	0.21	516.4	0.32	69.9	0.3	
16:07:27	1	125	360.3	0.20	515.1	0.32	70.0	0.4	
16:07:38	1	126	304.7	0.43	518.8	0.33	70.0	0.6	
16:07:54	1	127	437.4	0.09	526.1	0.34	70.0	0.2	
16:08:03	1	128	375.6	0.23	527.3	0.34	70.0	0.3	
16:08:15	1	129	380.5	0.28	531.0	0.34	70.1	0.3	
16:10:49	1	130	395.3	0.27	510.3	0.30	70.4	0.3	
16:11:03	1	131	368.6	0.31	512.7	0.30	70.4	0.3	
16:11:22	1	132	385.9	0.26	512.7	0.30	70.5	0.3	
16:11:52	1	133	370.0	0.27	512.7	0.30	70.6	0.3	
16:12:05	1	134	387.6	0.28	515.1	0.31	70.6	0.3	
16:12:26	1	135	423.8	0.17	515.1	0.31	70.6	0.2	
16:12:42	1	136	310.2	0.33	512.7	0.31	70.7	0.5	
16:12:53	1	137	393.8	0.15	512.7	0.31	70.7	0.3	
16:13:18	1	138	356.6	0.24	504.2	0.30	70.8	0.4	
16:13:33	1	139	401.8	0.17	502.9	0.30	70.8	0.2	
16:13:44	1	140	358.5	0.24	498.0	0.30	70.8	0.3	
16:13:58	1	141	383.9	0.19	490.7	0.29	70.9	0.2	
