Created by SunData for Windows Mobile v2.0.0.1
	
Title     :	paul-210907
Location  :	paulinenaue
Latitude  :	52.69N	Longitude :	12.74E
2021-09-07		Local time is GMT+2 Hrs
SunScan probe v1.02R (C) JGW 2004/01/19
	
Ext Sensor: BFS		  Leaf Angle Distn Parameter:				1.57	  Leaf Absorption:		0.85
Group   1 :	
	
Time	plot	sample	Trans-	Spread	Incid-	Beam	Zenith	LAI	Notes
			mitted		 ent	frac	Angle

16:33:54	1	1	7.3	0.90	227.8	0.08	63.0	4.6	
16:34:08	1	2	13.4	1.26	233.3	0.09	63.0	3.7	
16:34:15	1	3	9.7	0.93	231.5	0.09	63.0	4.2	
16:34:22	1	4	6.7	1.09	234.5	0.09	63.0	4.7	
16:34:28	1	5	2.8	0.81	233.3	0.09	63.1	6.0	
16:34:34	1	6	7.2	0.72	233.3	0.08	63.1	4.6	
16:34:41	1	7	5.6	0.80	234.5	0.09	63.1	5.0	
	
Average of	7	 readings
  Incident light 		232.6	  Transmitted fraction:			0.03	   LAI:	4.7	
	
16:35:36	2	1	3.9	1.03	245.5	0.04	63.2	5.7	
16:35:43	2	2	3.7	0.75	233.3	0.04	63.2	5.7	
16:35:48	2	3	2.3	0.84	230.9	0.04	63.2	6.4	
16:35:53	2	4	3.7	1.27	231.5	0.03	63.2	5.7	
16:35:59	2	5	2.0	1.08	239.4	0.06	63.3	6.7	
16:36:06	2	6	2.2	1.22	231.5	0.04	63.3	6.4	
16:36:12	2	7	2.8	1.39	248.6	0.04	63.3	6.2	
	
Average of	7	 readings
  Incident light 		237.2	  Transmitted fraction:			0.01	   LAI:	6.1	
	
16:36:52	3	1	2.4	0.55	222.3	0.10	63.4	6.2	
16:36:58	3	2	1.9	0.64	223.5	0.10	63.4	6.5	
16:37:04	3	3	2.4	0.79	223.5	0.10	63.4	6.2	
16:37:10	3	4	2.0	0.86	222.3	0.10	63.4	6.5	
16:37:16	3	5	1.4	0.75	223.5	0.10	63.4	7.1	
16:37:22	3	6	1.3	0.80	220.5	0.10	63.4	7.2	
16:37:29	3	7	1.8	0.68	220.5	0.10	63.5	6.6	
	
Average of	7	 readings
  Incident light 		222.3	  Transmitted fraction:			0.01	   LAI:	6.6	
	
16:38:21	4	1	2.0	0.91	214.4	0.03	63.6	6.5	
16:38:29	4	2	3.3	1.17	214.4	0.03	63.6	5.7	
16:38:34	4	3	1.6	0.71	213.8	0.03	63.6	6.8	
16:38:40	4	4	3.4	0.89	212.6	0.03	63.6	5.7	
16:38:47	4	5	4.8	0.39	210.7	0.03	63.6	5.1	
16:38:54	4	6	5.3	0.32	209.5	0.03	63.7	4.9	
16:39:02	4	7	5.9	0.54	207.7	0.03	63.7	4.8	
	
Average of	7	 readings
  Incident light 		211.9	  Transmitted fraction:			0.02	   LAI:	5.7	
	
16:41:12	5	1	3.9	0.52	199.7	0.07	64.0	5.3	
16:41:19	5	2	2.4	0.73	199.7	0.07	64.0	6.1	
16:41:24	5	3	2.5	0.53	199.7	0.07	64.0	6.0	
16:41:30	5	4	3.3	0.42	199.7	0.07	64.0	5.6	
16:41:36	5	5	3.5	0.69	201.6	0.07	64.0	5.5	
16:41:42	5	6	2.0	0.72	201.6	0.07	64.0	6.4	
16:41:48	5	7	2.9	0.74	201.6	0.06	64.0	5.8	
	
Average of	7	 readings
  Incident light 		200.5	  Transmitted fraction:			0.01	   LAI:	5.8	
	
16:42:31	6	1	11.6	0.52	206.5	0.03	64.1	3.8	
16:42:38	6	2	13.1	0.91	207.7	0.04	64.2	3.6	
16:42:44	6	3	14.5	0.51	209.5	0.04	64.2	3.5	
16:42:51	6	4	12.6	0.47	209.5	0.04	64.2	3.7	
16:42:56	6	5	10.9	0.83	211.3	0.04	64.2	3.9	
16:43:03	6	6	7.1	0.41	211.3	0.03	64.2	4.5	
16:43:09	6	7	9.0	0.56	212.6	0.04	64.2	4.2	
	
Average of	7	 readings
  Incident light 		209.8	  Transmitted fraction:			0.05	   LAI:	3.9	
	
16:43:46	7	1	7.8	0.84	515.3	0.54	64.3	5.1	
16:43:55	7	2	3.8	0.47	531.2	0.54	64.3	6.1	
16:44:00	7	3	4.0	0.60	536.0	0.55	64.3	6.0	
16:44:06	7	4	7.2	1.00	531.2	0.54	64.4	5.2	
16:44:11	7	5	10.2	0.54	518.3	0.53	64.4	4.7	
16:44:24	7	6	9.1	0.54	538.5	0.54	64.4	4.9	
16:44:32	7	7	16.5	0.45	561.1	0.55	64.4	4.2	
	
Average of	7	 readings
  Incident light 		533.1	  Transmitted fraction:			0.02	   LAI:	5.2	
	
16:46:31	8	1	5.2	0.78	736.8	0.62	64.7	5.9	
16:46:41	8	2	4.6	0.84	741.1	0.62	64.7	6.1	
16:46:46	8	3	3.6	0.86	738.7	0.62	64.7	6.4	
16:46:52	8	4	2.1	0.95	730.1	0.62	64.7	7.2	
16:46:59	8	5	11.7	0.97	725.3	0.61	64.8	4.9	
16:47:05	8	6	16.0	0.99	727.7	0.61	64.8	4.5	
16:47:16	8	7	13.3	1.04	721.0	0.61	64.8	4.7	
	
Average of	7	 readings
  Incident light 		731.5	  Transmitted fraction:			0.01	   LAI:	5.7	
	
16:47:56	9	1	43.8	0.48	708.2	0.51	64.9	3.3	
16:48:02	9	2	70.7	0.60	716.1	0.51	64.9	2.7	
16:48:09	9	3	50.8	0.63	716.1	0.51	64.9	3.1	
16:48:15	9	4	49.3	0.33	716.1	0.51	64.9	3.1	
16:48:20	9	5	46.6	0.45	721.0	0.52	64.9	3.2	
16:48:26	9	6	33.3	0.49	728.9	0.52	64.9	3.6	
16:48:38	9	7	46.2	0.35	749.7	0.53	65.0	3.2	
	
Average of	7	 readings
  Incident light 		722.3	  Transmitted fraction:			0.07	   LAI:	3.2	
	
16:49:23	10	1	102.4	0.79	821.7	0.55	65.1	2.4	
16:49:30	10	2	197.8	0.37	829.6	0.56	65.1	1.6	
16:49:36	10	3	89.1	0.47	835.1	0.56	65.1	2.6	
16:49:43	10	4	87.1	0.70	835.7	0.56	65.1	2.6	
16:49:49	10	5	47.4	0.70	840.0	0.56	65.1	3.3	
16:49:55	10	6	95.6	0.72	841.8	0.56	65.2	2.5	
16:50:01	10	7	81.7	0.63	841.8	0.56	65.2	2.7	
	
Average of	7	 readings
  Incident light 		835.1	  Transmitted fraction:			0.12	   LAI:	2.5	
	
16:50:45	11	1	22.8	0.74	329.7	0.00	65.3	3.5	
16:50:54	11	2	30.8	0.63	329.7	0.00	65.3	3.1	
16:51:00	11	3	32.7	0.61	331.6	0.01	65.3	3.0	
16:51:06	11	4	46.9	0.54	331.6	0.01	65.3	2.5	
16:51:11	11	5	37.6	0.62	332.2	0.00	65.3	2.8	
16:51:17	11	6	33.8	0.41	331.6	0.00	65.3	3.0	
16:51:27	11	7	42.3	0.57	329.7	0.00	65.4	2.7	
	
Average of	7	 readings
  Incident light 		330.9	  Transmitted fraction:			0.11	   LAI:	2.9	
	
16:52:29	12	1	44.6	0.74	534.2	0.46	65.5	2.9	
16:52:35	12	2	56.9	0.43	515.3	0.44	65.5	2.6	
16:52:40	12	3	44.8	0.72	557.4	0.48	65.5	2.9	
16:52:45	12	4	63.2	0.48	525.1	0.45	65.5	2.5	
16:52:50	12	5	54.1	0.40	448.2	0.35	65.6	2.5	
16:52:56	12	6	29.5	0.34	453.0	0.36	65.6	3.3	
16:53:03	12	7	39.9	0.51	398.1	0.27	65.6	2.8	
	
Average of	7	 readings
  Incident light 		490.2	  Transmitted fraction:			0.10	   LAI:	2.8	
	
16:54:38	13	1	27.5	0.83	301.7	0.03	65.8	3.1	
16:54:45	13	2	25.9	0.45	299.2	0.03	65.8	3.2	
16:54:50	13	3	21.4	0.51	299.2	0.03	65.8	3.4	
16:54:57	13	4	26.7	0.58	297.4	0.03	65.8	3.1	
16:55:03	13	5	22.2	0.51	297.4	0.03	65.9	3.4	
16:55:09	13	6	18.7	0.71	297.4	0.03	65.9	3.6	
16:55:16	13	7	16.3	0.81	296.8	0.02	65.9	3.8	
	
Average of	7	 readings
  Incident light 		298.4	  Transmitted fraction:			0.08	   LAI:	3.4	
	
16:55:55	14	1	5.8	0.59	284.6	0.03	66.0	5.3	
16:56:01	14	2	6.5	0.69	284.6	0.03	66.0	5.1	
16:56:07	14	3	3.5	1.08	285.8	0.03	66.0	6.1	
16:56:13	14	4	9.1	0.97	285.8	0.03	66.0	4.6	
16:56:18	14	5	6.3	0.74	286.4	0.03	66.0	5.2	
16:56:23	14	6	5.6	0.92	287.6	0.04	66.0	5.4	
16:56:30	14	7	6.8	0.55	287.6	0.04	66.1	5.0	
	
Average of	7	 readings
  Incident light 		286.1	  Transmitted fraction:			0.02	   LAI:	5.2	
	
16:57:01	15	1	6.7	0.56	272.4	0.04	66.1	5.0	
16:57:09	15	2	8.1	0.47	271.8	0.04	66.2	4.7	
16:57:14	15	3	6.8	0.89	271.8	0.04	66.2	5.0	
16:57:18	15	4	3.4	0.45	271.8	0.04	66.2	6.0	
16:57:23	15	5	3.8	0.62	271.8	0.04	66.2	5.9	
16:57:28	15	6	2.6	0.79	271.8	0.04	66.2	6.4	
16:57:34	15	7	3.1	0.67	270.5	0.04	66.2	6.2	
	
Average of	7	 readings
  Incident light 		271.7	  Transmitted fraction:			0.02	   LAI:	5.6	
	
16:58:16	16	1	12.0	0.46	282.7	0.05	66.3	4.2	
16:58:23	16	2	8.3	0.46	282.7	0.05	66.3	4.7	
16:58:28	16	3	7.2	0.43	281.5	0.05	66.3	4.9	
16:58:34	16	4	12.2	0.74	281.5	0.05	66.4	4.1	
16:58:39	16	5	17.9	0.83	281.5	0.05	66.4	3.6	
16:58:45	16	6	9.4	1.00	280.3	0.05	66.4	4.5	
16:58:51	16	7	15.1	0.66	278.5	0.04	66.4	3.8	
	
Average of	7	 readings
  Incident light 		281.2	  Transmitted fraction:			0.04	   LAI:	4.3	
	
16:59:28	17	1	61.6	0.30	318.8	0.13	66.5	2.0	
16:59:35	17	2	44.7	0.42	362.7	0.23	66.5	2.6	
16:59:42	17	3	53.8	0.44	336.5	0.17	66.5	2.3	
16:59:47	17	4	35.5	0.54	307.8	0.10	66.5	2.7	
16:59:53	17	5	50.4	0.41	299.2	0.07	66.5	2.2	
17:00:00	17	6	47.2	0.52	297.4	0.07	66.6	2.3	
17:00:07	17	7	38.5	0.27	296.8	0.07	66.6	2.6	
	
Average of	7	 readings
  Incident light 		317.0	  Transmitted fraction:			0.15	   LAI:	2.4	
	
17:00:44	18	1	3.1	0.91	297.4	0.07	66.7	6.3	
17:00:51	18	2	13.5	1.21	295.6	0.06	66.7	4.1	
17:00:56	18	3	4.9	0.78	294.3	0.06	66.7	5.5	
17:01:02	18	4	3.6	0.71	294.3	0.06	66.7	6.0	
17:01:09	18	5	3.6	0.72	292.5	0.06	66.7	6.0	
17:01:15	18	6	0.6	1.01	292.5	0.06	66.7	9.0	
17:01:23	18	7	0.7	1.25	293.7	0.06	66.7	8.8	
	
Average of	7	 readings
  Incident light 		294.3	  Transmitted fraction:			0.01	   LAI:	6.5	
	
17:10:53	19	1	15.9	0.73	696.0	0.56	68.1	4.3	
17:11:00	19	2	22.5	0.42	697.2	0.56	68.1	3.9	
17:11:06	19	3	28.1	0.65	699.0	0.56	68.1	3.6	
17:11:20	19	4	30.2	0.56	705.1	0.56	68.2	3.5	
17:11:32	19	5	61.3	0.35	706.9	0.56	68.2	2.7	
17:11:42	19	6	14.2	0.68	708.2	0.57	68.2	4.5	
17:11:50	19	7	14.5	1.02	708.8	0.57	68.2	4.5	
	
Average of	7	 readings
  Incident light 		703.0	  Transmitted fraction:			0.04	   LAI:	3.9	
	
17:12:20	20	1	11.6	0.59	705.1	0.57	68.3	4.7	
17:12:26	20	2	4.6	0.89	705.1	0.57	68.3	6.0	
17:12:32	20	3	12.3	0.61	705.1	0.57	68.3	4.7	
17:12:37	20	4	15.8	0.60	705.1	0.57	68.3	4.3	
17:12:43	20	5	20.5	0.63	702.1	0.57	68.4	4.0	
17:12:48	20	6	6.7	1.02	702.1	0.57	68.4	5.5	
17:12:54	20	7	7.7	0.54	702.1	0.57	68.4	5.3	
	
Average of	7	 readings
  Incident light 		703.8	  Transmitted fraction:			0.02	   LAI:	4.9	
	
17:13:48	21	1	33.8	0.75	691.1	0.57	68.5	3.4	
17:13:54	21	2	46.6	0.56	692.9	0.57	68.5	3.0	
17:13:59	21	3	30.0	0.41	694.7	0.57	68.5	3.5	
17:14:06	21	4	36.6	0.44	696.0	0.57	68.5	3.3	
17:14:11	21	5	69.2	0.81	699.0	0.58	68.6	2.5	
17:14:19	21	6	62.6	0.97	699.0	0.58	68.6	2.6	
17:14:25	21	7	27.9	0.54	697.8	0.57	68.6	3.6	
	
Average of	7	 readings
  Incident light 		695.8	  Transmitted fraction:			0.06	   LAI:	3.1	
	
17:14:40	22	1	85.1	0.73	691.1	0.57	68.6	2.3	
17:14:47	22	2	123.1	0.50	689.2	0.57	68.6	1.8	
17:14:58	22	3	160.7	0.53	686.2	0.57	68.7	1.5	
17:15:03	22	4	158.4	0.58	686.2	0.57	68.7	1.6	
17:15:11	22	5	168.4	0.51	683.7	0.57	68.7	1.5	
17:15:17	22	6	80.7	0.58	681.9	0.57	68.7	2.3	
17:15:23	22	7	58.0	0.56	681.3	0.57	68.7	2.7	
	
Average of	7	 readings
  Incident light 		685.7	  Transmitted fraction:			0.17	   LAI:	1.9	
	
17:16:21	23	1	52.4	0.45	674.0	0.54	68.9	2.8	
17:16:29	23	2	102.4	0.47	674.0	0.54	68.9	2.0	
17:16:36	23	3	81.3	0.49	672.1	0.55	68.9	2.3	
17:16:44	23	4	157.1	0.42	670.3	0.54	68.9	1.5	
17:16:53	23	5	83.1	0.48	664.8	0.54	68.9	2.3	
17:17:00	23	6	61.8	0.42	663.0	0.54	69.0	2.6	
17:17:06	23	7	85.7	0.49	659.9	0.54	69.0	2.2	
	
Average of	7	 readings
  Incident light 		668.3	  Transmitted fraction:			0.13	   LAI:	2.2	
	
17:17:25	24	1	11.9	0.68	656.3	0.54	69.0	4.6	
17:17:39	24	2	8.4	0.38	653.2	0.54	69.1	5.1	
17:17:45	24	3	8.5	0.43	650.8	0.54	69.1	5.1	
17:17:51	24	4	14.6	0.65	650.8	0.54	69.1	4.3	
17:17:57	24	5	9.4	0.34	649.0	0.54	69.1	4.9	
17:18:02	24	6	10.2	0.69	649.0	0.54	69.1	4.8	
17:18:10	24	7	13.6	0.45	648.3	0.54	69.1	4.4	
	
Average of	7	 readings
  Incident light 		651.1	  Transmitted fraction:			0.02	   LAI:	4.8	
	
17:18:30	25	1	1.1	1.13	649.0	0.54	69.2	8.1	
17:18:37	25	2	1.7	1.09	648.3	0.54	69.2	7.4	
17:18:42	25	3	0.9	0.97	648.3	0.54	69.2	8.6	
17:18:49	25	4	0.8	1.52	647.1	0.55	69.2	8.7	
17:18:56	25	5	1.1	0.83	647.1	0.55	69.2	8.1	
17:19:02	25	6	1.2	1.08	645.9	0.55	69.3	7.9	
17:19:09	25	7	0.5	0.97	645.9	0.55	69.3	9.6	
	
Average of	7	 readings
  Incident light 		647.4	  Transmitted fraction:			0.00	   LAI:	8.3	
	
17:19:31	26	1	4.1	0.69	645.9	0.55	69.3	6.1	
17:19:39	26	2	4.1	0.59	645.9	0.55	69.3	6.1	
17:19:48	26	3	2.1	0.50	645.3	0.55	69.4	7.0	
17:19:54	26	4	1.8	0.55	644.1	0.55	69.4	7.3	
17:20:00	26	5	1.6	0.88	642.9	0.55	69.4	7.5	
17:20:07	26	6	1.1	0.91	642.2	0.55	69.4	8.1	
17:20:14	26	7	1.8	0.99	642.2	0.55	69.4	7.3	
	
Average of	7	 readings
  Incident light 		644.1	  Transmitted fraction:			0.00	   LAI:	7.0	
	
17:21:58	27	1	2.5	0.37	628.8	0.59	69.7	6.6	
17:22:37	27	2	2.9	0.54	627.0	0.60	69.8	6.4	
17:22:42	27	3	3.2	0.50	627.0	0.60	69.8	6.2	
17:22:48	27	4	2.3	0.85	627.0	0.60	69.8	6.7	
17:22:53	27	5	1.0	0.68	625.2	0.60	69.8	8.0	
17:23:00	27	6	2.2	0.68	625.2	0.60	69.8	6.8	
17:23:08	27	7	1.8	0.91	625.2	0.60	69.8	7.1	
	
Average of	7	 readings
  Incident light 		626.5	  Transmitted fraction:			0.00	   LAI:	6.8	
	
17:23:33	28	1	1.3	0.63	622.1	0.60	69.9	7.5	
17:23:42	28	2	1.0	0.61	622.1	0.60	69.9	8.0	
17:23:48	28	3	3.3	1.23	622.1	0.60	69.9	6.2	
17:23:54	28	4	1.6	0.66	622.1	0.60	70.0	7.2	
17:23:59	28	5	2.2	0.55	622.1	0.60	70.0	6.8	
17:24:04	28	6	1.4	0.57	622.1	0.60	70.0	7.4	
17:24:10	28	7	1.6	0.58	622.1	0.60	70.0	7.2	
	
Average of	7	 readings
  Incident light 		622.1	  Transmitted fraction:			0.00	   LAI:	7.2	
	
17:24:39	29	1	17.6	0.56	623.3	0.60	70.1	3.9	
17:24:49	29	2	19.9	0.83	625.2	0.60	70.1	3.8	
17:24:56	29	3	16.6	0.46	625.2	0.60	70.1	4.0	
17:25:01	29	4	8.6	0.52	625.2	0.60	70.1	4.8	
17:25:07	29	5	3.0	0.64	626.4	0.60	70.1	6.3	
17:25:13	29	6	15.6	1.23	627.0	0.60	70.1	4.1	
17:25:20	29	7	13.2	0.89	627.0	0.60	70.2	4.3	
	
Average of	7	 readings
  Incident light 		625.6	  Transmitted fraction:			0.02	   LAI:	4.4	
	
17:25:38	30	1	5.2	0.49	630.0	0.59	70.2	5.5	
17:25:46	30	2	9.9	0.57	630.0	0.59	70.2	4.7	
17:25:52	30	3	8.7	0.88	630.0	0.59	70.2	4.8	
17:25:57	30	4	4.1	0.57	630.0	0.59	70.3	5.9	
17:26:03	30	5	5.5	0.60	631.3	0.59	70.3	5.5	
17:26:08	30	6	4.5	0.83	633.1	0.59	70.3	5.8	
17:26:15	30	7	3.8	0.61	633.1	0.59	70.3	6.0	
	
Average of	7	 readings
  Incident light 		631.1	  Transmitted fraction:			0.01	   LAI:	5.4	
	
17:27:26	31	1	47.2	0.36	633.1	0.54	70.5	2.8	
17:27:32	31	2	63.7	0.42	634.3	0.54	70.5	2.5	
17:27:37	31	3	56.6	0.46	634.9	0.54	70.5	2.6	
17:27:43	31	4	59.1	0.63	637.4	0.54	70.5	2.6	
17:27:48	31	5	80.2	0.85	637.4	0.54	70.5	2.2	
17:27:53	31	6	73.3	0.65	637.4	0.54	70.5	2.3	
17:28:01	31	7	62.2	0.72	637.4	0.53	70.6	2.5	
	
Average of	7	 readings
  Incident light 		636.0	  Transmitted fraction:			0.10	   LAI:	2.5	
	
17:28:23	32	1	31.7	0.70	639.2	0.53	70.6	3.3	
17:28:35	32	2	23.9	0.50	639.8	0.52	70.6	3.7	
17:28:42	32	3	27.6	0.49	639.2	0.52	70.7	3.5	
17:28:48	32	4	39.6	0.52	639.8	0.52	70.7	3.0	
17:28:53	32	5	40.3	0.54	639.8	0.52	70.7	3.0	
17:28:58	32	6	23.3	0.54	639.8	0.52	70.7	3.7	
17:29:06	32	7	34.6	0.36	639.8	0.52	70.7	3.2	
	
Average of	7	 readings
  Incident light 		639.6	  Transmitted fraction:			0.05	   LAI:	3.3	
	
17:29:24	33	1	25.3	0.82	642.2	0.51	70.8	3.6	
17:29:32	33	2	27.7	0.65	642.9	0.51	70.8	3.5	
17:29:42	33	3	16.2	0.70	645.3	0.51	70.8	4.2	
17:30:17	33	4	40.4	0.56	653.2	0.50	70.9	3.1	
17:30:28	33	5	25.5	0.34	656.3	0.50	70.9	3.6	
17:30:34	33	6	20.7	0.59	656.9	0.50	70.9	3.9	
17:30:40	33	7	34.8	0.41	658.1	0.50	70.9	3.3	
17:30:46	33	8	28.0	0.66	659.3	0.50	71.0	3.5	
17:30:53	33	9	26.0	0.41	659.3	0.50	71.0	3.6	
17:31:00	33	10	37.0	0.32	659.3	0.50	71.0	3.2	
	
Average of	10	 readings
  Incident light 		653.3	  Transmitted fraction:			0.04	   LAI:	3.6	
	
17:31:54	34	1	50.5	0.75	647.1	0.50	71.1	2.8	
17:32:00	34	2	46.7	0.80	645.3	0.50	71.1	2.9	
17:32:07	34	3	39.9	0.55	644.1	0.50	71.2	3.1	
17:32:13	34	4	18.1	0.75	642.9	0.50	71.2	4.1	
17:32:19	34	5	50.5	0.70	642.2	0.49	71.2	2.8	
17:32:25	34	6	42.2	0.54	641.0	0.49	71.2	3.0	
17:32:36	34	7	51.3	0.41	639.8	0.49	71.2	2.8	
	
Average of	7	 readings
  Incident light 		643.2	  Transmitted fraction:			0.07	   LAI:	3.0	
	
17:33:50	35	1	107.7	0.42	631.9	0.50	71.4	1.9	
17:34:01	35	2	76.8	0.48	630.0	0.49	71.4	2.2	
17:34:07	35	3	89.9	0.42	628.8	0.49	71.4	2.1	
17:34:13	35	4	51.4	0.56	628.8	0.49	71.5	2.7	
17:34:21	35	5	63.7	0.52	628.8	0.49	71.5	2.5	
17:34:27	35	6	81.2	0.35	628.8	0.49	71.5	2.2	
17:34:33	35	7	97.6	0.46	630.0	0.49	71.5	2.0	
	
Average of	7	 readings
  Incident light 		629.6	  Transmitted fraction:			0.13	   LAI:	2.2	
	
17:34:51	36	1	52.5	0.50	628.8	0.49	71.6	2.7	
17:34:59	36	2	50.0	0.40	628.8	0.49	71.6	2.8	
17:35:05	36	3	48.9	0.63	628.2	0.48	71.6	2.8	
17:35:11	36	4	79.6	0.41	628.2	0.48	71.6	2.2	
17:35:16	36	5	53.9	0.45	627.0	0.48	71.6	2.7	
17:35:21	36	6	42.0	0.52	627.0	0.48	71.6	3.0	
17:35:27	36	7	53.4	0.50	625.2	0.48	71.6	2.7	
	
Average of	7	 readings
  Incident light 		627.6	  Transmitted fraction:			0.09	   LAI:	2.7	
	
17:35:49	37	1	31.7	0.40	620.3	0.47	71.7	3.3	
17:35:59	37	2	40.8	0.53	620.9	0.47	71.7	3.0	
17:36:05	37	3	42.2	0.45	620.3	0.47	71.7	3.0	
17:36:10	37	4	36.9	0.54	617.8	0.47	71.7	3.1	
17:36:15	37	5	49.7	0.46	617.8	0.47	71.8	2.8	
17:36:20	37	6	61.7	0.48	617.8	0.47	71.8	2.5	
17:36:28	37	7	62.2	0.47	617.8	0.46	71.8	2.5	
	
Average of	7	 readings
  Incident light 		619.0	  Transmitted fraction:			0.08	   LAI:	2.9	
	
17:36:45	38	1	69.1	0.52	614.2	0.46	71.8	2.4	
17:36:53	38	2	123.6	0.61	611.1	0.45	71.9	1.7	
17:37:00	38	3	114.0	0.60	606.2	0.45	71.9	1.8	
17:37:08	38	4	154.4	0.56	598.3	0.44	71.9	1.4	
17:37:16	38	5	145.5	0.45	582.4	0.42	71.9	1.5	
17:37:23	38	6	96.2	0.60	570.2	0.41	71.9	1.9	
17:37:30	38	7	169.8	0.45	556.2	0.39	71.9	1.3	
	
Average of	7	 readings
  Incident light 		591.2	  Transmitted fraction:			0.21	   LAI:	1.7	
	
17:40:00	39	1	13.5	0.47	602.0	0.42	72.3	4.5	
17:40:12	39	2	11.1	0.49	606.8	0.42	72.3	4.7	
17:40:19	39	3	9.7	0.43	606.8	0.42	72.4	4.9	
17:40:26	39	4	10.9	0.50	606.2	0.42	72.4	4.8	
17:40:32	39	5	24.9	0.52	605.0	0.42	72.4	3.7	
17:40:38	39	6	37.5	0.62	605.0	0.41	72.4	3.1	
17:40:45	39	7	24.4	0.64	605.0	0.41	72.4	3.7	
	
Average of	7	 readings
  Incident light 		605.3	  Transmitted fraction:			0.03	   LAI:	4.2	
	
17:40:59	40	1	30.0	0.71	602.0	0.41	72.5	3.4	
17:41:06	40	2	29.7	0.69	602.0	0.41	72.5	3.4	
17:41:11	40	3	24.7	0.64	602.0	0.41	72.5	3.7	
17:41:17	40	4	37.5	0.53	604.4	0.42	72.5	3.1	
17:41:24	40	5	29.0	0.38	605.0	0.42	72.5	3.5	
17:41:31	40	6	23.5	0.42	605.0	0.42	72.5	3.7	
17:41:37	40	7	32.6	0.39	605.0	0.42	72.5	3.3	
	
Average of	7	 readings
  Incident light 		603.6	  Transmitted fraction:			0.05	   LAI:	3.4	
	
17:41:57	41	1	2.3	0.97	602.0	0.41	72.6	7.1	
17:42:06	41	2	4.5	0.67	601.3	0.41	72.6	6.1	
17:42:13	41	3	2.3	1.26	595.9	0.41	72.6	7.2	
17:42:20	41	4	2.9	0.65	595.9	0.41	72.7	6.8	
17:42:25	41	5	3.2	0.65	594.0	0.41	72.7	6.7	
17:42:31	41	6	3.0	0.75	591.0	0.40	72.7	6.7	
17:42:38	41	7	2.9	0.61	587.3	0.40	72.7	6.8	
	
Average of	7	 readings
  Incident light 		595.3	  Transmitted fraction:			0.01	   LAI:	6.8	
	
17:42:54	42	1	18.7	0.51	587.3	0.41	72.7	4.0	
17:43:01	42	2	11.7	0.57	590.4	0.41	72.8	4.7	
17:43:08	42	3	14.8	0.60	591.0	0.41	72.8	4.3	
17:43:13	42	4	22.1	0.77	591.0	0.41	72.8	3.8	
17:43:19	42	5	15.7	0.44	591.0	0.41	72.8	4.3	
17:43:24	42	6	13.9	0.63	587.9	0.41	72.8	4.4	
17:43:32	42	7	15.4	0.38	589.1	0.41	72.8	4.3	
	
Average of	7	 readings
  Incident light 		589.7	  Transmitted fraction:			0.03	   LAI:	4.2	
	
17:44:21	43	1	3.3	0.58	584.9	0.41	73.0	6.5	
17:44:27	43	2	5.4	0.46	586.1	0.41	73.0	5.8	
17:44:33	43	3	4.5	0.56	587.9	0.41	73.0	6.0	
17:44:39	43	4	3.0	0.58	587.9	0.41	73.0	6.7	
17:44:44	43	5	3.4	0.52	589.1	0.41	73.0	6.5	
17:44:50	43	6	5.0	0.51	587.9	0.40	73.0	5.9	
17:44:56	43	7	4.5	0.47	587.3	0.40	73.0	6.1	
	
Average of	7	 readings
  Incident light 		587.3	  Transmitted fraction:			0.01	   LAI:	6.2	
	
17:45:12	44	1	6.5	0.59	584.9	0.40	73.1	5.5	
17:45:21	44	2	11.7	0.59	584.9	0.40	73.1	4.7	
17:45:28	44	3	8.3	0.50	587.3	0.40	73.1	5.2	
17:45:34	44	4	5.3	0.68	587.9	0.40	73.1	5.8	
17:45:41	44	5	3.7	0.64	589.1	0.40	73.1	6.4	
17:45:46	44	6	3.6	0.91	589.1	0.40	73.2	6.4	
17:45:52	44	7	4.4	0.68	589.1	0.40	73.2	6.1	
	
Average of	7	 readings
  Incident light 		587.5	  Transmitted fraction:			0.01	   LAI:	5.7	
	
17:48:11	45	1	14.1	0.45	554.4	0.39	73.5	4.3	
17:48:19	45	2	25.5	0.47	554.4	0.39	73.5	3.5	
17:48:25	45	3	12.9	0.70	553.1	0.38	73.6	4.5	
17:48:30	45	4	8.0	0.36	551.9	0.38	73.6	5.1	
17:48:35	45	5	10.2	0.28	551.9	0.38	73.6	4.8	
17:48:40	45	6	4.9	0.56	551.9	0.38	73.6	5.9	
17:48:45	45	7	7.4	0.50	551.9	0.38	73.6	5.3	
	
Average of	7	 readings
  Incident light 		552.8	  Transmitted fraction:			0.02	   LAI:	4.8	
	
17:49:02	46	1	9.2	0.46	554.4	0.39	73.6	4.9	
17:49:08	46	2	13.8	0.52	554.4	0.38	73.7	4.4	
17:49:15	46	3	10.3	0.63	553.1	0.38	73.7	4.8	
17:49:25	46	4	11.9	0.48	553.1	0.38	73.7	4.6	
17:49:33	46	5	18.3	0.41	551.9	0.38	73.7	4.0	
17:49:40	46	6	10.3	0.56	551.9	0.37	73.7	4.8	
17:49:46	46	7	15.2	0.43	550.1	0.37	73.8	4.2	
	
Average of	7	 readings
  Incident light 		552.7	  Transmitted fraction:			0.02	   LAI:	4.5	
	
17:50:34	47	1	4.9	0.39	546.4	0.38	73.9	5.9	
17:50:43	47	2	4.4	0.36	545.2	0.39	73.9	6.0	
17:50:49	47	3	4.2	0.45	545.2	0.39	73.9	6.1	
17:50:55	47	4	10.9	0.42	546.4	0.39	73.9	4.7	
17:51:00	47	5	8.9	0.57	546.4	0.39	73.9	4.9	
17:51:06	47	6	12.8	0.44	545.2	0.39	74.0	4.4	
17:51:13	47	7	13.9	0.45	543.4	0.39	74.0	4.3	
	
Average of	7	 readings
  Incident light 		545.5	  Transmitted fraction:			0.02	   LAI:	5.2	
	
17:51:34	48	1	25.3	0.78	538.5	0.40	74.0	3.5	
17:51:42	48	2	13.0	0.62	537.3	0.40	74.0	4.4	
17:51:48	48	3	16.0	0.59	529.9	0.40	74.1	4.1	
17:51:58	48	4	11.6	0.74	519.0	0.39	74.1	4.5	
17:52:04	48	5	16.2	0.52	514.1	0.38	74.1	4.0	
17:52:11	48	6	5.5	0.76	508.0	0.38	74.1	5.6	
17:52:19	48	7	6.3	0.96	497.0	0.37	74.1	5.4	
	
Average of	7	 readings
  Incident light 		520.5	  Transmitted fraction:			0.03	   LAI:	4.5	
	
17:52:44	49	1	8.0	0.78	514.1	0.40	74.2	5.0	
17:52:54	49	2	8.5	0.39	517.1	0.40	74.2	4.9	
17:53:00	49	3	4.2	1.02	514.1	0.41	74.2	6.0	
17:53:05	49	4	4.1	0.75	509.2	0.40	74.2	6.0	
17:53:11	49	5	3.1	1.30	506.1	0.40	74.3	6.4	
17:53:16	49	6	1.9	0.94	495.1	0.40	74.3	7.2	
17:53:25	49	7	2.2	0.72	480.5	0.38	74.3	6.9	
	
Average of	7	 readings
  Incident light 		505.2	  Transmitted fraction:			0.01	   LAI:	6.1	
	
17:53:42	50	1	11.3	0.61	465.2	0.36	74.3	4.4	
17:53:51	50	2	12.4	0.47	478.1	0.38	74.4	4.3	
17:53:57	50	3	17.9	0.60	480.5	0.38	74.4	3.8	
17:54:03	50	4	26.0	0.67	478.1	0.38	74.4	3.3	
17:54:08	50	5	20.6	0.48	476.2	0.38	74.4	3.6	
17:54:13	50	6	17.6	0.44	476.2	0.38	74.4	3.8	
17:54:20	50	7	15.5	0.33	482.3	0.38	74.4	4.0	
	
Average of	7	 readings
  Incident light 		476.7	  Transmitted fraction:			0.04	   LAI:	3.9	
	
17:55:13	51	1	6.1	0.65	457.3	0.39	74.6	5.2	
17:55:28	51	2	5.8	0.72	469.5	0.40	74.6	5.3	
17:55:35	51	3	8.6	0.53	475.0	0.40	74.6	4.8	
17:55:41	51	4	8.8	0.35	483.6	0.41	74.6	4.8	
17:55:47	51	5	7.4	0.71	488.4	0.41	74.6	5.0	
17:55:53	51	6	6.8	0.58	492.1	0.41	74.7	5.1	
17:56:00	51	7	11.5	0.44	495.1	0.41	74.7	4.4	
	
Average of	7	 readings
  Incident light 		480.1	  Transmitted fraction:			0.02	   LAI:	5.0	
	
17:56:28	52	1	7.1	0.46	502.5	0.40	74.8	5.1	
17:56:35	52	2	8.4	0.60	502.5	0.40	74.8	4.9	
17:56:40	52	3	8.3	0.60	501.3	0.40	74.8	4.9	
17:56:46	52	4	7.8	0.63	501.3	0.40	74.8	5.0	
17:56:51	52	5	7.8	0.75	501.3	0.40	74.8	5.0	
17:56:56	52	6	9.0	0.77	500.0	0.40	74.8	4.8	
17:57:02	52	7	13.9	0.49	500.0	0.40	74.8	4.2	
	
Average of	7	 readings
  Incident light 		501.3	  Transmitted fraction:			0.02	   LAI:	4.8	
	
17:57:22	53	1	7.7	0.71	500.0	0.41	74.9	5.0	
17:57:28	53	2	23.2	0.63	498.2	0.41	74.9	3.5	
17:57:33	53	3	7.9	0.69	498.2	0.41	74.9	4.9	
17:57:39	53	4	10.7	0.80	497.0	0.41	74.9	4.5	
17:57:45	53	5	8.0	0.71	495.1	0.41	74.9	4.9	
17:57:52	53	6	7.3	0.67	494.5	0.41	75.0	5.1	
17:57:59	53	7	6.4	0.51	492.1	0.41	75.0	5.2	
	
Average of	7	 readings
  Incident light 		496.4	  Transmitted fraction:			0.02	   LAI:	4.7	
	
17:58:23	54	1	3.5	0.54	483.6	0.40	75.0	6.1	
17:58:29	54	2	3.3	0.49	479.3	0.40	75.1	6.2	
17:58:35	54	3	2.6	0.73	475.0	0.39	75.1	6.6	
17:58:40	54	4	4.0	0.51	473.2	0.39	75.1	5.9	
17:58:45	54	5	1.1	1.67	471.3	0.39	75.1	8.0	
17:58:51	54	6	2.5	1.20	471.3	0.39	75.1	6.7	
17:58:58	54	7	2.7	1.03	471.3	0.39	75.1	6.6	
	
Average of	7	 readings
  Incident light 		475.0	  Transmitted fraction:			0.01	   LAI:	6.6	
	
18:09:47	55	1	6.4	0.85	321.2	0.33	76.7	4.8	
18:09:57	55	2	7.9	1.21	304.7	0.30	76.8	4.4	
18:10:02	55	3	6.8	1.09	285.8	0.26	76.8	4.6	
18:10:08	55	4	11.9	0.61	285.8	0.26	76.8	3.8	
18:10:13	55	5	7.0	0.66	292.5	0.28	76.8	4.6	
18:10:20	55	6	3.7	0.92	285.8	0.27	76.8	5.5	
18:10:26	55	7	8.0	0.94	279.7	0.25	76.8	4.4	
	
Average of	7	 readings
  Incident light 		293.6	  Transmitted fraction:			0.03	   LAI:	4.6	
	
18:10:47	56	1	0.1	1.28	291.3	0.28	76.9	11.3	
18:10:55	56	2	0.1	5.71	312.7	0.33	76.9	12.2	
18:11:02	56	3	0.2	1.29	323.6	0.35	76.9	10.3	
18:11:18	56	4	0.0	3.18	331.6	0.38	77.0	14.1	
18:11:25	56	5	0.0	7.94	328.5	0.38	77.0	13.9	
18:11:39	56	6	0.0	5.68	330.4	0.38	77.0	13.9	
18:11:48	56	7	0.5	2.52	335.2	0.39	77.0	9.0	
	
Average of	7	 readings
  Incident light 		321.9	  Transmitted fraction:			0.00	   LAI:	12.1	
	
18:12:13	57	1	0.0	7.94	345.6	0.40	77.1	15.3	
18:12:21	57	2	0.0	7.94	344.4	0.40	77.1	15.3	
18:12:53	57	3	0.5	1.84	348.7	0.41	77.2	8.8	
18:13:01	57	4	0.0	3.44	349.3	0.41	77.2	12.8	
18:13:08	57	5	0.2	5.28	349.3	0.41	77.2	10.1	
18:13:20	57	6	0.0	0.00	350.5	0.42	77.3	NaN	
18:13:31	57	7	0.2	2.28	351.7	0.41	77.3	10.1	
18:13:52	57	8	0.0	3.47	351.7	0.41	77.4	14.1	
	
Average of	8	 readings
  Incident light 		348.9	  Transmitted fraction:			0.00	   LAI:	NaN	
	
18:14:35	58	1	0.0	6.52	352.3	0.41	77.5	14.0	
18:14:58	58	2	0.0	6.13	345.6	0.39	77.5	13.4	
18:15:07	58	3	0.1	4.19	345.6	0.39	77.5	12.0	
18:15:20	58	4	0.0	7.94	348.7	0.39	77.6	13.4	
18:15:36	58	5	0.0	7.94	351.7	0.40	77.6	13.9	
18:15:43	58	6	0.4	1.81	348.7	0.39	77.6	9.3	
18:15:56	58	7	0.0	3.16	348.7	0.39	77.7	13.9	
	
Average of	7	 readings
  Incident light 		348.8	  Transmitted fraction:			0.00	   LAI:	12.9	
	
18:16:18	59	1	1.1	1.05	332.2	0.36	77.7	7.6	
18:16:25	59	2	0.3	2.25	327.3	0.35	77.7	9.9	
18:16:32	59	3	2.2	1.87	326.7	0.35	77.8	6.4	
18:17:07	59	4	0.3	1.13	305.3	0.31	77.8	9.7	
18:17:16	59	5	0.8	1.28	294.3	0.28	77.9	8.1	
18:17:21	59	6	0.1	2.93	289.5	0.27	77.9	12.0	
18:17:28	59	7	0.2	1.64	287.6	0.27	77.9	11.0	
18:17:34	59	8	0.7	1.60	286.4	0.27	77.9	8.3	
18:17:41	59	9	0.1	1.91	284.6	0.26	77.9	11.2	
18:17:48	59	10	0.6	2.38	282.7	0.26	78.0	8.7	
	
Average of	10	 readings
  Incident light 		301.7	  Transmitted fraction:			0.00	   LAI:	9.3	
	
18:18:08	60	1	5.1	0.59	284.6	0.27	78.0	5.0	
18:18:16	60	2	3.6	1.02	286.4	0.28	78.0	5.6	
18:18:22	60	3	6.0	0.66	293.7	0.30	78.0	4.8	
18:18:27	60	4	3.6	0.92	296.8	0.30	78.1	5.6	
18:18:32	60	5	1.9	0.81	302.3	0.31	78.1	6.6	
18:18:38	60	6	3.6	0.79	303.5	0.32	78.1	5.6	
18:18:46	60	7	6.6	1.00	298.6	0.31	78.1	4.6	
	
Average of	7	 readings
  Incident light 		295.1	  Transmitted fraction:			0.01	   LAI:	5.4	
	
18:20:35	61	1	2.2	1.18	292.5	0.30	78.4	6.3	
18:20:43	61	2	5.0	0.85	285.8	0.28	78.4	5.0	
18:20:49	61	3	2.6	0.76	269.3	0.24	78.4	6.1	
18:20:55	61	4	5.0	0.71	264.4	0.23	78.4	5.1	
18:21:01	61	5	5.7	0.77	264.4	0.23	78.4	4.8	
18:21:06	61	6	4.9	0.94	256.5	0.21	78.5	5.1	
18:21:14	61	7	4.8	0.59	265.7	0.24	78.5	5.1	
	
Average of	7	 readings
  Incident light 		271.2	  Transmitted fraction:			0.02	   LAI:	5.4	
	
18:22:04	62	1	1.3	1.25	292.5	0.31	78.6	7.2	
18:22:12	62	2	0.9	1.41	295.6	0.32	78.6	7.8	
18:22:20	62	3	0.1	3.32	287.6	0.31	78.6	12.3	
18:22:27	62	4	0.6	1.43	285.8	0.31	78.7	8.4	
18:22:33	62	5	0.6	1.47	281.5	0.29	78.7	8.6	
18:22:38	62	6	0.1	2.45	269.3	0.27	78.7	12.1	
18:22:46	62	7	0.0	4.00	256.5	0.24	78.7	12.7	
	
Average of	7	 readings
  Incident light 		281.3	  Transmitted fraction:			0.00	   LAI:	9.9	
	
18:23:27	63	1	0.0	0.00	202.8	0.10	78.8	NaN	
18:23:38	63	2	0.1	1.62	198.5	0.09	78.8	10.8	
18:23:52	63	3	0.0	3.05	192.4	0.09	78.9	12.9	
18:24:00	63	4	0.2	2.36	190.6	0.09	78.9	10.6	
18:24:06	63	5	0.0	4.60	187.5	0.09	78.9	13.1	
18:24:12	63	6	0.0	7.94	187.5	0.09	78.9	14.8	
18:24:18	63	7	0.0	7.94	193.6	0.14	78.9	14.8	
	
Average of	7	 readings
  Incident light 		193.3	  Transmitted fraction:			0.00	   LAI:	NaN	
	
18:24:53	64	1	0.4	1.50	168.6	0.06	79.0	8.8	
18:25:05	64	2	0.1	2.73	161.9	0.05	79.1	11.7	
18:25:12	64	3	0.2	1.98	159.5	0.04	79.1	9.9	
18:25:19	64	4	0.0	0.00	155.8	0.04	79.1	NaN	
18:25:30	64	5	0.3	1.95	154.6	0.04	79.1	8.9	
18:25:36	64	6	0.1	2.21	152.7	0.05	79.1	11.9	
18:25:43	64	7	0.7	1.40	152.7	0.06	79.1	7.6	
	
Average of	7	 readings
  Incident light 		158.0	  Transmitted fraction:			0.00	   LAI:	NaN	
	
18:26:12	65	1	0.0	0.00	158.8	0.13	79.2	NaN	
18:26:24	65	2	0.0	0.00	158.8	0.14	79.3	NaN	
18:26:31	65	3	0.2	2.22	157.6	0.15	79.3	10.1	
18:26:40	65	4	0.3	1.74	155.8	0.15	79.3	9.3	
18:26:48	65	5	0.0	0.00	154.0	0.15	79.3	NaN	
18:27:07	65	6	0.1	3.43	143.0	0.13	79.4	12.0	
18:27:19	65	7	0.0	0.00	135.7	0.10	79.4	NaN	
	
Average of	7	 readings
  Incident light 		152.0	  Transmitted fraction:			0.00	   LAI:	NaN	
	
18:29:41	66	1	0.7	0.81	104.5	0.03	79.7	7.0	
18:29:48	66	2	1.9	0.98	104.5	0.03	79.8	5.5	
18:29:53	66	3	1.9	1.16	104.5	0.03	79.8	5.4	
18:29:58	66	4	1.9	0.94	104.5	0.03	79.8	5.4	
18:30:03	66	5	0.6	1.09	103.9	0.03	79.8	7.3	
18:30:08	66	6	1.0	0.66	103.9	0.03	79.8	6.4	
18:30:15	66	7	1.6	1.18	103.9	0.03	79.8	5.8	
	
Average of	7	 readings
  Incident light 		104.2	  Transmitted fraction:			0.01	   LAI:	6.1	
	
18:32:50	67	1	2.0	0.53	144.8	0.22	80.2	5.6	
18:32:56	67	2	1.9	0.46	154.6	0.27	80.2	5.6	
18:33:02	67	3	2.5	0.64	162.5	0.31	80.3	5.2	
18:33:08	67	4	3.8	0.50	167.4	0.33	80.3	4.5	
18:33:13	67	5	1.5	0.66	171.7	0.34	80.3	6.0	
18:33:19	67	6	1.6	0.88	173.5	0.34	80.3	5.9	
18:33:25	67	7	2.3	0.68	174.7	0.35	80.3	5.3	
	
Average of	7	 readings
  Incident light 		164.2	  Transmitted fraction:			0.01	   LAI:	5.5	
	
18:34:00	68	1	0.8	0.79	174.7	0.33	80.4	7.1	
18:34:07	68	2	0.2	1.48	176.5	0.34	80.4	9.7	
18:34:12	68	3	0.6	0.84	178.4	0.34	80.4	7.5	
18:34:17	68	4	0.8	1.26	179.6	0.34	80.4	7.1	
18:34:23	68	5	0.5	1.05	179.6	0.33	80.5	7.8	
18:34:28	68	6	0.5	0.71	178.4	0.32	80.5	7.8	
18:34:34	68	7	0.9	0.87	176.5	0.31	80.5	6.8	
	
Average of	7	 readings
  Incident light 		177.7	  Transmitted fraction:			0.00	   LAI:	7.7	
	
18:35:14	69	1	8.0	0.43	180.8	0.30	80.6	3.6	
18:35:21	69	2	7.9	0.59	180.8	0.29	80.6	3.7	
18:35:27	69	3	9.2	0.59	182.6	0.30	80.6	3.5	
18:35:33	69	4	9.8	0.31	183.9	0.31	80.6	3.4	
18:35:38	69	5	5.7	0.68	185.7	0.31	80.7	4.2	
18:35:43	69	6	6.5	0.68	185.7	0.31	80.7	4.0	
18:35:49	69	7	5.0	0.81	185.7	0.31	80.7	4.3	
	
Average of	7	 readings
  Incident light 		183.6	  Transmitted fraction:			0.04	   LAI:	3.8	
	
18:36:24	70	1	10.1	0.29	189.4	0.28	80.8	3.4	
18:36:30	70	2	8.0	0.32	189.4	0.28	80.8	3.8	
18:36:38	70	3	8.0	0.46	189.4	0.27	80.8	3.8	
18:36:43	70	4	9.8	0.35	188.8	0.27	80.8	3.5	
18:36:49	70	5	7.9	0.52	188.8	0.27	80.8	3.8	
18:36:57	70	6	6.4	0.45	188.8	0.27	80.9	4.1	
18:37:05	70	7	18.6	0.31	191.8	0.28	80.9	2.6	
	
Average of	7	 readings
  Incident light 		189.5	  Transmitted fraction:			0.05	   LAI:	3.6	
	
18:37:54	71	1	21.9	0.41	191.8	0.31	81.0	2.3	
18:38:04	71	2	23.2	0.44	191.8	0.32	81.0	2.2	
18:38:11	71	3	30.4	0.28	191.8	0.32	81.0	1.9	
18:38:17	71	4	34.7	0.31	191.8	0.32	81.1	1.7	
18:38:23	71	5	33.5	0.37	189.4	0.32	81.1	1.8	
18:38:33	71	6	35.1	0.48	188.8	0.32	81.1	1.7	
18:38:40	71	7	26.5	0.54	185.7	0.31	81.1	2.1	
	
Average of	7	 readings
  Incident light 		190.2	  Transmitted fraction:			0.15	   LAI:	2.0	
	
18:39:14	72	1	16.6	0.50	161.9	0.19	81.2	2.7	
18:39:21	72	2	17.0	0.51	154.0	0.15	81.2	2.6	
18:39:28	72	3	10.1	0.56	152.7	0.14	81.2	3.4	
18:39:33	72	4	14.8	0.53	151.5	0.14	81.2	2.8	
18:39:40	72	5	10.6	0.58	146.6	0.11	81.3	3.3	
18:39:46	72	6	18.0	0.35	140.5	0.08	81.3	2.5	
18:39:53	72	7	16.6	0.45	136.9	0.06	81.3	2.7	
	
Average of	7	 readings
  Incident light 		149.2	  Transmitted fraction:			0.10	   LAI:	2.9	
	
18:41:07	73	1	15.5	0.42	133.8	0.01	81.5	2.8	
18:41:16	73	2	18.0	0.43	134.4	0.02	81.5	2.6	
18:41:21	73	3	16.7	0.61	133.8	0.01	81.5	2.7	
18:41:26	73	4	10.9	0.58	133.8	0.01	81.5	3.3	
18:41:32	73	5	11.2	0.59	133.8	0.01	81.5	3.2	
18:41:38	73	6	10.3	0.59	133.8	0.01	81.6	3.3	
18:41:44	73	7	11.9	0.40	133.8	0.01	81.6	3.1	
	
Average of	7	 readings
  Incident light 		133.9	  Transmitted fraction:			0.10	   LAI:	3.0	
	
18:42:13	74	1	10.6	0.37	129.5	0.07	81.6	3.2	
18:42:20	74	2	18.0	0.36	129.5	0.08	81.7	2.4	
18:42:26	74	3	16.8	0.40	129.5	0.08	81.7	2.5	
18:42:31	74	4	14.1	0.38	129.5	0.08	81.7	2.8	
18:42:38	74	5	17.2	0.61	129.5	0.08	81.7	2.5	
18:42:43	74	6	18.6	0.54	129.5	0.08	81.7	2.4	
18:42:49	74	7	14.9	0.45	129.5	0.08	81.7	2.7	
	
Average of	7	 readings
  Incident light 		129.5	  Transmitted fraction:			0.12	   LAI:	2.6	
	
18:43:34	75	1	0.7	0.83	126.5	0.09	81.9	7.3	
18:43:42	75	2	2.5	0.67	126.5	0.09	81.9	5.2	
18:43:48	75	3	2.5	0.79	125.9	0.09	81.9	5.2	
18:43:54	75	4	1.4	0.81	125.9	0.09	81.9	6.1	
18:43:58	75	5	1.5	0.82	125.9	0.09	81.9	6.0	
18:44:04	75	6	0.1	2.53	125.9	0.09	81.9	11.9	
18:44:11	75	7	0.6	1.42	125.9	0.10	81.9	7.4	
	
Average of	7	 readings
  Incident light 		126.1	  Transmitted fraction:			0.01	   LAI:	7.0	
	
18:44:51	76	1	0.7	0.94	123.4	0.07	82.0	7.2	
18:44:58	76	2	0.2	1.27	123.4	0.07	82.1	9.4	
18:45:04	76	3	0.4	1.66	123.4	0.07	82.1	8.4	
18:45:10	76	4	0.3	1.26	123.4	0.07	82.1	8.6	
18:45:15	76	5	0.3	1.64	123.4	0.07	82.1	8.9	
18:45:22	76	6	0.5	1.43	123.4	0.07	82.1	7.8	
18:45:31	76	7	0.0	0.00	122.8	0.06	82.2	NaN	
18:45:40	76	8	0.1	2.77	121.6	0.06	82.2	10.0	
	
Average of	8	 readings
  Incident light 		123.1	  Transmitted fraction:			0.00	   LAI:	NaN	
	
18:46:26	77	1	3.6	0.48	121.0	0.06	82.3	4.6	
18:46:33	77	2	2.7	1.07	121.0	0.06	82.3	5.1	
18:46:39	77	3	3.1	0.54	118.6	0.06	82.3	4.8	
18:46:45	77	4	1.2	0.99	118.6	0.06	82.3	6.4	
18:46:51	77	5	0.4	1.71	118.6	0.06	82.4	8.4	
18:46:56	77	6	1.3	0.98	119.8	0.07	82.4	6.3	
18:47:01	77	7	0.8	0.58	119.8	0.07	82.4	6.9	
	
Average of	7	 readings
  Incident light 		119.6	  Transmitted fraction:			0.02	   LAI:	6.1	
	
18:47:01	78	1	0.8	0.58	119.8	0.07	82.4	6.9	
18:48:18	78	2	17.7	0.42	116.7	0.00	82.6	2.4	
18:48:27	78	3	18.7	0.59	116.7	0.00	82.6	2.3	
18:48:35	78	4	19.6	0.46	116.7	0.00	82.6	2.3	
18:48:41	78	5	24.0	0.35	116.7	0.00	82.6	2.0	
18:48:47	78	6	22.3	0.39	115.5	0.00	82.6	2.1	
18:48:53	78	7	19.5	0.48	115.5	0.00	82.7	2.3	
18:49:00	78	8	34.6	0.26	115.5	0.00	82.7	1.5	
	
Average of	8	 readings
  Incident light 		116.6	  Transmitted fraction:			0.17	   LAI:	2.7	
	
18:50:18	79	1	15.7	0.35	112.5	0.04	82.9	2.5	
18:50:25	79	2	14.9	0.46	113.7	0.05	82.9	2.5	
18:50:32	79	3	11.4	0.38	114.9	0.06	82.9	2.9	
18:50:37	79	4	11.8	0.65	114.9	0.08	82.9	2.8	
18:50:43	79	5	11.4	0.46	115.5	0.08	82.9	2.9	
18:50:49	79	6	12.0	0.54	118.0	0.10	83.0	2.8	
18:50:57	79	7	15.6	0.34	121.0	0.13	83.0	2.5	
	
Average of	7	 readings
  Incident light 		115.8	  Transmitted fraction:			0.11	   LAI:	2.7	
	
18:51:54	80	1	24.0	0.41	110.0	0.06	83.1	1.9	
18:52:00	80	2	10.5	0.50	104.5	0.03	83.1	3.0	
18:52:06	80	3	16.9	0.37	102.7	0.01	83.1	2.3	
18:52:12	80	4	12.5	0.33	102.7	0.01	83.2	2.7	
18:52:18	80	5	14.9	0.33	101.5	0.00	83.2	2.5	
18:52:25	80	6	15.7	0.53	101.5	0.00	83.2	2.4	
18:52:42	80	7	17.8	0.42	100.9	0.00	83.2	2.2	
	
Average of	7	 readings
  Incident light 		103.4	  Transmitted fraction:			0.15	   LAI:	2.4	
	
11:21:58	81	1	6.5	1.19	1282.5	0.77	51.8	7.0	
11:23:36	81	2	4.7	1.35	1287.4	0.77	51.7	7.4	
11:23:55	81	3	2.4	0.78	1289.2	0.77	51.6	8.3	
11:24:02	81	4	3.8	0.92	1288.0	0.77	51.6	7.7	
11:24:11	81	5	2.6	0.88	1290.4	0.77	51.6	8.2	
11:24:21	81	6	2.2	1.93	1292.3	0.77	51.6	8.5	
11:24:28	81	7	1.3	2.31	1290.4	0.77	51.6	9.2	
	
Average of	7	 readings
  Incident light 		1288.6	  Transmitted fraction:			0.00	   LAI:	8.0	
	
11:27:51	82	1	4.3	2.16	1305.1	0.78	51.3	7.6	
11:28:02	82	2	2.7	3.12	1305.1	0.78	51.3	8.2	
11:28:11	82	3	2.9	3.48	1304.5	0.78	51.3	8.1	
11:28:18	82	4	1.5	2.68	1304.5	0.78	51.3	9.0	
11:28:25	82	5	2.0	3.39	1305.1	0.78	51.3	8.6	
11:28:31	82	6	1.8	1.65	1304.5	0.78	51.3	8.8	
11:28:37	82	7	0.6	1.72	1306.3	0.78	51.3	10.4	
	
Average of	7	 readings
  Incident light 		1305.0	  Transmitted fraction:			0.00	   LAI:	8.7	
	
11:28:53	83	1	0.9	1.89	1304.5	0.78	51.2	9.8	
11:28:59	83	2	1.3	2.75	1303.3	0.78	51.2	9.2	
11:29:05	83	3	0.4	1.59	1304.5	0.78	51.2	11.0	
11:29:16	83	4	1.4	2.11	1304.5	0.78	51.2	9.1	
11:29:23	83	5	0.4	1.50	1302.0	0.78	51.2	10.9	
11:29:29	83	6	1.5	1.47	1303.3	0.78	51.2	9.0	
11:29:34	83	7	1.7	2.05	1302.0	0.78	51.2	8.8	
	
Average of	7	 readings
  Incident light 		1303.4	  Transmitted fraction:			0.00	   LAI:	9.7	
	
11:29:52	84	1	3.4	0.87	1304.5	0.78	51.2	7.9	
11:30:00	84	2	12.6	1.28	1302.0	0.78	51.2	6.1	
11:30:05	84	3	4.5	2.22	1302.0	0.78	51.1	7.5	
11:30:11	84	4	1.2	1.01	1302.0	0.78	51.1	9.4	
11:30:17	84	5	3.2	1.19	1300.2	0.78	51.1	8.0	
11:30:23	84	6	3.7	1.21	1301.4	0.78	51.1	7.8	
11:30:30	84	7	3.5	1.23	1301.4	0.78	51.1	7.9	
	
Average of	7	 readings
  Incident light 		1301.9	  Transmitted fraction:			0.00	   LAI:	7.8	
	
11:30:48	85	1	10.2	2.53	1305.1	0.78	51.1	6.4	
11:30:55	85	2	4.3	1.48	1304.5	0.78	51.1	7.6	
11:31:03	85	3	4.7	1.65	1304.5	0.78	51.1	7.5	
11:31:08	85	4	2.6	1.45	1302.0	0.78	51.1	8.3	
11:31:14	85	5	3.2	1.70	1303.3	0.78	51.1	8.0	
11:31:23	85	6	0.9	0.99	1304.5	0.78	51.0	9.8	
11:31:31	85	7	8.9	1.91	1304.5	0.78	51.0	6.6	
	
Average of	7	 readings
  Incident light 		1304.1	  Transmitted fraction:			0.00	   LAI:	7.7	
	
11:31:50	86	1	1.8	1.13	1306.3	0.78	51.0	8.8	
11:31:59	86	2	1.8	2.04	1306.3	0.78	51.0	8.8	
11:32:05	86	3	4.5	0.93	1305.1	0.78	51.0	7.5	
11:32:11	86	4	1.8	2.86	1304.5	0.78	51.0	8.8	
11:32:18	86	5	3.1	1.84	1304.5	0.78	51.0	8.1	
11:32:24	86	6	9.2	1.82	1301.4	0.78	51.0	6.5	
11:32:31	86	7	2.3	1.50	1301.4	0.78	51.0	8.4	
	
Average of	7	 readings
  Incident light 		1304.2	  Transmitted fraction:			0.00	   LAI:	8.1	
	
11:32:53	87	1	0.4	1.74	1304.5	0.78	50.9	10.8	
11:33:03	87	2	0.8	1.73	1304.5	0.78	50.9	10.0	
11:33:11	87	3	0.7	1.62	1303.3	0.78	50.9	10.1	
11:33:19	87	4	1.2	1.59	1304.5	0.78	50.9	9.3	
11:33:26	87	5	1.7	1.17	1304.5	0.78	50.9	8.9	
11:33:33	87	6	1.2	1.24	1303.3	0.78	50.9	9.4	
11:33:40	87	7	1.3	1.20	1303.3	0.78	50.9	9.3	
	
Average of	7	 readings
  Incident light 		1304.0	  Transmitted fraction:			0.00	   LAI:	9.7	
	
11:35:55	88	1	0.1	1.85	1301.4	0.78	50.7	12.0	
11:36:04	88	2	0.2	2.10	1305.1	0.78	50.7	11.7	
11:36:10	88	3	0.5	1.95	1307.5	0.78	50.7	10.6	
11:36:15	88	4	0.8	1.39	1308.1	0.78	50.7	10.0	
11:36:25	88	5	0.2	2.98	1308.1	0.78	50.7	12.0	
11:36:34	88	6	1.6	2.99	1310.0	0.78	50.7	9.0	
11:36:42	88	7	0.0	7.94	1311.2	0.78	50.6	14.2	
	
Average of	7	 readings
  Incident light 		1307.3	  Transmitted fraction:			0.00	   LAI:	11.4	
	
11:40:32	89	1	9.8	0.61	1333.2	0.78	50.4	6.5	
11:40:44	89	2	8.0	0.56	1335.0	0.78	50.3	6.8	
11:40:53	89	3	7.0	0.69	1335.0	0.78	50.3	7.0	
11:41:01	89	4	4.9	0.74	1337.4	0.78	50.3	7.5	
11:41:07	89	5	8.3	1.62	1334.4	0.78	50.3	6.8	
11:41:14	89	6	3.8	0.96	1334.4	0.78	50.3	7.8	
11:41:21	89	7	5.0	0.90	1334.4	0.78	50.3	7.5	
	
Average of	7	 readings
  Incident light 		1334.8	  Transmitted fraction:			0.01	   LAI:	7.1	
	
11:41:40	90	1	5.7	0.45	1334.4	0.78	50.3	7.3	
11:41:46	90	2	9.3	0.59	1331.3	0.78	50.3	6.6	
11:41:53	90	3	10.7	1.89	1334.4	0.78	50.3	6.4	
11:42:02	90	4	6.1	0.78	1334.4	0.78	50.3	7.2	
11:42:10	90	5	6.7	0.66	1337.4	0.78	50.2	7.1	
11:42:17	90	6	8.5	0.29	1339.3	0.78	50.2	6.7	
11:42:27	90	7	10.1	0.90	1340.5	0.78	50.2	6.5	
	
Average of	7	 readings
  Incident light 		1336.0	  Transmitted fraction:			0.01	   LAI:	6.8	
	
11:42:58	91	1	10.6	0.56	1339.3	0.78	50.2	6.4	
11:43:07	91	2	10.3	0.77	1340.5	0.78	50.2	6.5	
11:43:13	91	3	8.9	0.58	1340.5	0.78	50.2	6.7	
11:43:21	91	4	3.6	1.06	1340.5	0.78	50.2	7.9	
11:43:28	91	5	5.6	0.37	1340.5	0.78	50.2	7.3	
11:43:34	91	6	4.7	0.94	1341.1	0.78	50.1	7.6	
11:43:45	91	7	7.9	0.79	1342.9	0.78	50.1	6.8	
	
Average of	7	 readings
  Incident light 		1340.8	  Transmitted fraction:			0.01	   LAI:	7.0	
	
11:44:14	92	1	2.9	0.53	1342.9	0.78	50.1	8.3	
11:44:22	92	2	4.7	0.70	1341.1	0.78	50.1	7.6	
11:44:29	92	3	2.6	1.07	1341.1	0.78	50.1	8.4	
11:44:35	92	4	3.0	2.45	1340.5	0.78	50.1	8.2	
11:44:42	92	5	4.2	1.72	1338.0	0.78	50.1	7.7	
11:44:48	92	6	1.5	0.89	1337.4	0.78	50.1	9.1	
11:44:56	92	7	3.0	1.31	1337.4	0.78	50.1	8.2	
	
Average of	7	 readings
  Incident light 		1339.8	  Transmitted fraction:			0.00	   LAI:	8.2	
	
11:45:17	93	1	8.3	0.86	1334.4	0.78	50.0	6.8	
11:45:27	93	2	16.5	0.79	1334.4	0.78	50.0	5.8	
11:45:40	93	3	9.8	1.51	1331.3	0.78	50.0	6.5	
11:45:47	93	4	13.0	1.45	1331.3	0.78	50.0	6.1	
11:45:54	93	5	4.1	0.80	1329.5	0.78	50.0	7.8	
11:46:01	93	6	10.2	0.91	1329.5	0.78	50.0	6.5	
11:46:09	93	7	11.4	1.26	1330.1	0.78	50.0	6.3	
	
Average of	7	 readings
  Incident light 		1331.5	  Transmitted fraction:			0.01	   LAI:	6.6	
	
11:46:32	94	1	0.0	4.60	1331.3	0.78	49.9	15.0	
11:46:43	94	2	0.2	2.03	1330.1	0.78	49.9	12.1	
11:46:51	94	3	0.0	7.94	1330.1	0.78	49.9	16.8	
11:46:58	94	4	1.1	1.49	1331.9	0.78	49.9	9.6	
11:47:06	94	5	0.5	1.51	1333.2	0.78	49.9	10.8	
11:47:12	94	6	0.5	2.62	1331.9	0.78	49.9	10.8	
11:47:24	94	7	0.7	2.37	1334.4	0.78	49.9	10.1	
	
Average of	7	 readings
  Incident light 		1331.8	  Transmitted fraction:			0.00	   LAI:	12.2	
	
11:47:50	95	1	22.0	0.54	1339.3	0.78	49.9	5.4	
11:47:59	95	2	74.1	1.01	1338.0	0.78	49.8	3.8	
11:48:06	95	3	34.0	0.93	1337.4	0.78	49.8	4.9	
11:48:13	95	4	20.6	0.96	1340.5	0.78	49.8	5.5	
11:48:21	95	5	73.2	0.98	1342.9	0.78	49.8	3.8	
11:48:28	95	6	53.9	1.02	1344.1	0.78	49.8	4.2	
11:48:41	95	7	84.8	0.87	1346.0	0.78	49.8	3.6	
	
Average of	7	 readings
  Incident light 		1341.2	  Transmitted fraction:			0.04	   LAI:	4.5	
	
11:49:06	96	1	62.0	1.22	1349.0	0.78	49.8	4.1	
11:49:19	96	2	75.4	1.01	1351.5	0.78	49.8	3.8	
11:49:32	96	3	74.3	0.75	1352.1	0.78	49.7	3.8	
11:49:42	96	4	143.0	1.08	1356.4	0.78	49.7	2.9	
11:49:49	96	5	108.3	1.29	1358.2	0.78	49.7	3.3	
11:49:55	96	6	181.0	1.36	1358.2	0.78	49.7	2.6	
11:50:03	96	7	70.0	1.27	1360.0	0.78	49.7	3.9	
	
Average of	7	 readings
  Incident light 		1355.1	  Transmitted fraction:			0.08	   LAI:	3.5	
	
11:52:27	97	1	99.3	1.29	1356.4	0.77	49.6	3.4	
11:52:37	97	2	206.7	0.94	1357.0	0.77	49.5	2.5	
11:52:45	97	3	68.6	0.98	1356.4	0.77	49.5	3.9	
11:52:52	97	4	99.5	0.93	1355.1	0.77	49.5	3.4	
11:52:59	97	5	107.5	1.41	1356.4	0.77	49.5	3.3	
11:53:06	97	6	217.3	1.02	1353.9	0.77	49.5	2.4	
11:53:14	97	7	150.6	1.25	1355.1	0.77	49.5	2.9	
	
Average of	7	 readings
  Incident light 		1355.8	  Transmitted fraction:			0.10	   LAI:	3.1	
	
11:53:31	98	1	98.9	0.61	1353.9	0.77	49.5	3.4	
11:53:39	98	2	47.0	0.75	1353.9	0.77	49.5	4.4	
11:53:45	98	3	66.7	0.68	1353.9	0.77	49.5	4.0	
11:53:51	98	4	59.8	0.85	1359.4	0.77	49.5	4.1	
11:53:58	98	5	56.7	0.77	1356.4	0.77	49.5	4.2	
11:54:04	98	6	107.2	0.78	1356.4	0.77	49.5	3.3	
11:54:11	98	7	131.0	1.03	1358.2	0.77	49.5	3.1	
	
Average of	7	 readings
  Incident light 		1356.0	  Transmitted fraction:			0.06	   LAI:	3.8	
	
11:54:31	99	1	75.3	1.40	1353.9	0.77	49.4	3.8	
11:54:40	99	2	30.5	0.90	1353.9	0.77	49.4	5.0	
11:54:46	99	3	61.1	1.18	1346.0	0.77	49.4	4.1	
11:54:54	99	4	21.5	1.02	1347.2	0.77	49.4	5.5	
11:55:00	99	5	50.0	0.94	1345.4	0.77	49.4	4.4	
11:55:07	99	6	46.2	1.24	1346.0	0.77	49.4	4.5	
11:55:15	99	7	27.9	0.89	1344.1	0.77	49.4	5.1	
	
Average of	7	 readings
  Incident light 		1348.1	  Transmitted fraction:			0.03	   LAI:	4.6	
	
11:55:37	100	1	19.0	1.01	1342.9	0.76	49.4	5.7	
11:55:47	100	2	23.7	1.38	1342.3	0.76	49.4	5.4	
11:55:56	100	3	20.2	1.25	1340.5	0.76	49.3	5.6	
11:56:04	100	4	11.6	1.09	1338.0	0.76	49.3	6.4	
11:56:15	100	5	14.7	0.84	1340.5	0.76	49.3	6.0	
11:56:24	100	6	5.6	1.31	1342.3	0.76	49.3	7.4	
11:56:33	100	7	8.0	1.09	1344.1	0.77	49.3	6.9	
	
Average of	7	 readings
  Incident light 		1341.5	  Transmitted fraction:			0.01	   LAI:	6.2	
	
11:57:49	101	1	43.9	1.12	1388.1	0.76	49.2	4.6	
11:57:56	101	2	12.7	0.82	1391.1	0.76	49.2	6.3	
11:58:04	101	3	42.4	0.78	1393.0	0.76	49.2	4.6	
11:58:11	101	4	44.2	1.11	1393.0	0.76	49.2	4.6	
11:58:16	101	5	37.0	1.18	1395.4	0.76	49.2	4.8	
11:58:23	101	6	7.3	0.81	1394.2	0.76	49.2	7.1	
11:58:31	101	7	24.3	1.26	1396.0	0.76	49.2	5.4	
	
Average of	7	 readings
  Incident light 		1393.0	  Transmitted fraction:			0.02	   LAI:	5.3	
	
11:58:47	102	1	51.3	0.75	1397.9	0.76	49.2	4.4	
11:58:54	102	2	27.1	1.34	1397.9	0.76	49.2	5.3	
11:59:01	102	3	62.8	0.78	1399.1	0.76	49.2	4.1	
11:59:06	102	4	33.5	0.98	1400.9	0.76	49.2	5.0	
11:59:12	102	5	54.0	0.80	1400.9	0.76	49.2	4.3	
11:59:18	102	6	41.1	0.83	1397.9	0.76	49.1	4.7	
11:59:26	102	7	57.8	0.83	1400.3	0.76	49.1	4.2	
	
Average of	7	 readings
  Incident light 		1399.3	  Transmitted fraction:			0.03	   LAI:	4.6	
	
11:59:43	103	1	27.4	2.52	1393.0	0.76	49.1	5.2	
11:59:51	103	2	13.2	1.73	1394.2	0.76	49.1	6.2	
12:00:01	103	3	20.3	1.90	1395.4	0.76	49.1	5.6	
12:00:09	103	4	7.5	1.33	1393.0	0.76	49.1	7.0	
12:00:19	103	5	14.1	1.36	1389.3	0.76	49.1	6.1	
12:00:27	103	6	4.2	0.93	1389.3	0.76	49.1	7.9	
12:00:38	103	7	10.1	0.99	1389.3	0.76	49.1	6.6	
	
Average of	7	 readings
  Incident light 		1391.9	  Transmitted fraction:			0.01	   LAI:	6.4	
	
12:01:04	104	1	13.1	1.53	1392.4	0.76	49.0	6.3	
12:01:17	104	2	15.0	2.08	1399.1	0.76	49.0	6.1	
12:01:24	104	3	24.5	1.23	1404.0	0.76	49.0	5.4	
12:01:32	104	4	98.4	1.32	1408.2	0.76	49.0	3.5	
12:01:39	104	5	18.4	1.13	1414.3	0.77	49.0	5.8	
12:01:46	104	6	13.7	1.01	1418.0	0.77	49.0	6.2	
12:01:57	104	7	11.7	1.01	1424.1	0.77	49.0	6.4	
	
Average of	7	 readings
  Incident light 		1408.6	  Transmitted fraction:			0.02	   LAI:	5.7	
	
12:03:17	105	1	7.0	1.45	1372.2	0.77	48.9	7.1	
12:03:30	105	2	3.3	1.67	1369.2	0.77	48.9	8.2	
12:03:39	105	3	1.4	0.89	1367.3	0.77	48.9	9.3	
12:03:47	105	4	0.9	1.89	1372.2	0.77	48.9	10.0	
12:03:54	105	5	0.9	3.40	1373.4	0.77	48.9	9.9	
12:04:01	105	6	0.1	3.32	1375.9	0.77	48.9	12.6	
12:04:09	105	7	1.2	4.66	1380.2	0.77	48.9	9.6	
	
Average of	7	 readings
  Incident light 		1372.9	  Transmitted fraction:			0.00	   LAI:	9.5	
	
12:04:43	106	1	1.6	2.12	1384.4	0.78	48.8	9.2	
12:04:53	106	2	1.9	2.23	1382.0	0.77	48.8	8.9	
12:05:03	106	3	0.2	4.64	1384.4	0.78	48.8	12.0	
12:05:12	106	4	0.8	2.25	1385.0	0.78	48.8	10.2	
12:05:20	106	5	3.5	3.33	1386.9	0.78	48.8	8.1	
12:05:27	106	6	0.4	1.90	1388.1	0.78	48.8	11.0	
12:05:35	106	7	1.8	1.78	1388.1	0.78	48.8	9.0	
	
Average of	7	 readings
  Incident light 		1385.6	  Transmitted fraction:			0.00	   LAI:	9.8	
	
12:05:56	107	1	0.7	1.67	1386.9	0.78	48.8	10.4	
12:06:05	107	2	0.1	4.19	1389.9	0.77	48.8	12.5	
12:06:14	107	3	0.8	4.27	1391.1	0.77	48.8	10.2	
12:06:25	107	4	1.3	2.43	1391.1	0.77	48.8	9.5	
12:06:33	107	5	0.2	2.05	1391.1	0.77	48.8	12.1	
12:06:41	107	6	0.0	3.87	1391.1	0.77	48.7	14.4	
12:06:48	107	7	0.1	2.97	1391.1	0.77	48.7	12.7	
	
Average of	7	 readings
  Incident light 		1390.3	  Transmitted fraction:			0.00	   LAI:	11.7	
	
12:07:14	108	1	1.1	0.90	1391.1	0.77	48.7	9.7	
12:07:23	108	2	1.7	1.00	1385.0	0.77	48.7	9.1	
12:07:31	108	3	0.7	1.81	1383.2	0.77	48.7	10.4	
12:07:38	108	4	0.2	4.66	1374.1	0.77	48.7	12.5	
12:07:51	108	5	1.2	4.98	1367.3	0.77	48.7	9.6	
12:07:58	108	6	1.3	2.25	1363.1	0.77	48.7	9.5	
12:08:06	108	7	1.8	1.46	1348.4	0.77	48.7	8.9	
	
Average of	7	 readings
  Incident light 		1373.2	  Transmitted fraction:			0.00	   LAI:	10.0	
	
12:09:37	109	1	1.5	2.17	1369.2	0.77	48.6	9.3	
12:09:48	109	2	0.9	1.93	1375.3	0.77	48.6	10.0	
12:09:56	109	3	3.2	2.24	1380.2	0.77	48.6	8.2	
12:10:06	109	4	1.9	1.12	1388.1	0.77	48.6	8.9	
12:10:14	109	5	2.4	1.11	1386.9	0.77	48.6	8.7	
12:10:23	109	6	14.9	0.82	1393.0	0.78	48.6	6.1	
12:10:33	109	7	7.0	1.67	1399.1	0.78	48.6	7.2	
	
Average of	7	 readings
  Incident light 		1384.5	  Transmitted fraction:			0.00	   LAI:	8.3	
	
12:10:58	110	1	11.8	0.80	1400.9	0.78	48.5	6.4	
12:11:06	110	2	40.2	0.90	1386.3	0.77	48.5	4.7	
12:11:13	110	3	14.4	0.76	1373.4	0.77	48.5	6.1	
12:11:21	110	4	9.2	0.53	1372.2	0.77	48.5	6.8	
12:11:30	110	5	14.9	0.97	1370.4	0.77	48.5	6.1	
12:11:37	110	6	22.5	0.85	1381.4	0.77	48.5	5.5	
12:11:44	110	7	18.8	0.94	1380.2	0.77	48.5	5.8	
	
Average of	7	 readings
  Incident light 		1380.7	  Transmitted fraction:			0.01	   LAI:	5.9	
	
12:12:10	111	1	13.9	0.89	1403.4	0.77	48.5	6.2	
12:12:19	111	2	5.5	1.22	1406.4	0.77	48.5	7.5	
12:12:31	111	3	13.8	0.77	1403.4	0.77	48.5	6.2	
12:12:38	111	4	42.2	1.54	1404.0	0.77	48.5	4.7	
12:12:51	111	5	42.7	0.83	1403.4	0.77	48.4	4.7	
12:12:58	111	6	30.0	0.90	1402.1	0.76	48.4	5.1	
12:13:05	111	7	42.7	0.98	1399.1	0.76	48.4	4.7	
	
Average of	7	 readings
  Incident light 		1403.1	  Transmitted fraction:			0.02	   LAI:	5.6	
	
12:13:26	112	1	73.0	0.89	1393.0	0.76	48.4	3.9	
12:13:55	112	2	170.7	0.65	1380.2	0.76	48.4	2.8	
12:14:04	112	3	158.0	0.89	1386.9	0.76	48.4	2.9	
12:14:12	112	4	143.2	1.03	1389.3	0.75	48.4	3.0	
12:14:19	112	5	62.0	0.77	1388.1	0.75	48.4	4.1	
12:14:24	112	6	145.4	0.91	1382.0	0.75	48.4	3.0	
12:14:32	112	7	130.3	0.77	1384.4	0.75	48.4	3.1	
	
Average of	7	 readings
  Incident light 		1386.3	  Transmitted fraction:			0.09	   LAI:	3.3	
	
12:16:29	113	1	70.3	0.81	1408.2	0.75	48.3	4.0	
12:16:37	113	2	77.6	0.74	1411.3	0.75	48.3	3.9	
12:16:45	113	3	47.6	0.91	1411.9	0.75	48.3	4.5	
12:16:54	113	4	54.9	0.93	1414.9	0.75	48.3	4.3	
12:17:03	113	5	37.8	1.31	1416.2	0.75	48.3	4.9	
12:17:09	113	6	64.0	0.98	1416.2	0.75	48.2	4.1	
12:17:18	113	7	30.2	0.98	1416.2	0.75	48.2	5.2	
	
Average of	7	 readings
  Incident light 		1413.6	  Transmitted fraction:			0.04	   LAI:	4.4	
	
12:17:33	114	1	20.3	0.61	1414.3	0.75	48.2	5.7	
12:17:41	114	2	54.5	1.07	1416.2	0.75	48.2	4.4	
12:17:48	114	3	83.8	0.84	1408.2	0.75	48.2	3.8	
12:17:56	114	4	37.7	0.75	1403.4	0.75	48.2	4.8	
12:18:07	114	5	29.8	0.55	1393.0	0.75	48.2	5.2	
12:18:16	114	6	40.7	1.09	1378.9	0.74	48.2	4.7	
12:18:22	114	7	29.3	0.67	1369.2	0.74	48.2	5.2	
	
Average of	7	 readings
  Incident light 		1397.6	  Transmitted fraction:			0.03	   LAI:	4.8	
	
12:18:42	115	1	80.0	0.89	1370.4	0.75	48.2	3.8	
12:18:50	115	2	193.5	0.81	1385.0	0.75	48.2	2.6	
12:18:55	115	3	130.6	0.84	1385.0	0.75	48.2	3.1	
12:19:01	115	4	95.5	0.68	1397.2	0.75	48.2	3.6	
12:19:06	115	5	180.5	0.78	1341.1	0.74	48.2	2.7	
12:19:11	115	6	137.0	0.72	1242.2	0.73	48.2	2.9	
12:19:20	115	7	25.4	0.67	696.0	0.53	48.2	4.4	
	
Average of	7	 readings
  Incident light 		1259.6	  Transmitted fraction:			0.09	   LAI:	3.3	
	
12:19:48	116	1	14.1	1.30	586.1	0.43	48.1	5.0	
12:19:58	116	2	105.0	0.70	884.6	0.61	48.1	2.8	
12:20:09	116	3	90.7	0.56	901.0	0.61	48.1	3.0	
12:20:20	116	4	15.1	0.85	724.0	0.51	48.1	5.2	
12:20:28	116	5	43.4	0.79	942.5	0.62	48.1	4.1	
12:20:34	116	6	141.8	0.83	1251.4	0.71	48.1	2.9	
12:20:42	116	7	204.1	0.77	1328.3	0.73	48.1	2.5	
	
Average of	7	 readings
  Incident light 		945.4	  Transmitted fraction:			0.08	   LAI:	3.7	
	
12:25:36	117	1	399.6	0.54	1375.9	0.75	47.9	1.6	
12:25:46	117	2	251.3	0.75	1378.3	0.75	47.9	2.3	
12:25:52	117	3	325.4	0.60	1377.1	0.75	47.9	1.9	
12:25:58	117	4	347.7	0.68	1375.9	0.75	47.9	1.8	
12:26:04	117	5	280.4	0.55	1377.1	0.75	47.9	2.1	
12:26:12	117	6	315.6	0.67	1380.2	0.75	47.9	2.0	
12:26:20	117	7	470.1	0.48	1378.9	0.75	47.9	1.4	
	
Average of	7	 readings
  Incident light 		1377.6	  Transmitted fraction:			0.25	   LAI:	1.9	
	
12:26:40	118	1	82.0	1.56	1385.0	0.75	47.9	3.8	
12:26:48	118	2	54.1	1.15	1389.9	0.75	47.9	4.3	
12:26:56	118	3	88.8	1.18	1393.0	0.75	47.9	3.7	
12:27:02	118	4	63.8	1.22	1391.1	0.75	47.9	4.1	
12:27:17	118	5	149.7	1.61	1388.1	0.75	47.9	3.0	
12:27:26	118	6	79.0	0.75	1389.9	0.75	47.9	3.8	
12:27:37	118	7	101.5	0.82	1389.9	0.75	47.8	3.5	
	
Average of	7	 readings
  Incident light 		1389.6	  Transmitted fraction:			0.06	   LAI:	3.7	
	
12:27:55	119	1	39.4	1.37	1400.9	0.75	47.8	4.8	
12:28:04	119	2	13.5	1.36	1407.0	0.75	47.8	6.3	
12:28:10	119	3	59.8	1.52	1407.0	0.75	47.8	4.2	
12:28:16	119	4	49.1	1.07	1407.0	0.75	47.8	4.5	
12:28:38	119	5	72.8	1.15	1419.2	0.76	47.8	4.0	
12:28:49	119	6	37.6	1.25	1421.1	0.76	47.8	4.9	
12:28:58	119	7	47.8	0.88	1421.1	0.76	47.8	4.5	
	
Average of	7	 readings
  Incident light 		1411.9	  Transmitted fraction:			0.03	   LAI:	4.7	
	
12:29:23	120	1	41.6	1.22	1421.1	0.75	47.8	4.7	
12:29:30	120	2	40.1	1.54	1419.8	0.75	47.8	4.8	
12:29:36	120	3	21.0	1.20	1422.3	0.75	47.8	5.7	
12:29:41	120	4	26.1	0.90	1422.3	0.75	47.8	5.4	
12:29:47	120	5	22.1	1.42	1430.8	0.75	47.8	5.6	
12:29:53	120	6	9.6	1.30	1433.9	0.75	47.8	6.8	
12:29:59	120	7	7.4	1.85	1432.0	0.75	47.8	7.2	
	
Average of	7	 readings
  Incident light 		1426.0	  Transmitted fraction:			0.02	   LAI:	5.7	
	
12:30:24	121	1	189.4	0.63	1429.0	0.75	47.8	2.7	
12:30:31	121	2	234.0	0.72	1425.9	0.75	47.7	2.4	
12:30:37	121	3	298.9	0.67	1414.9	0.75	47.7	2.1	
12:30:45	121	4	321.9	0.81	1411.9	0.75	47.7	2.0	
12:30:52	121	5	154.3	0.71	1411.9	0.75	47.7	2.9	
12:30:58	121	6	189.2	0.69	1411.9	0.75	47.7	2.7	
12:31:05	121	7	272.8	0.73	1422.9	0.75	47.7	2.2	
	
Average of	7	 readings
  Incident light 		1418.3	  Transmitted fraction:			0.17	   LAI:	2.4	
	
12:31:24	122	1	207.9	0.86	1429.0	0.75	47.7	2.6	
12:31:31	122	2	126.8	0.63	1428.4	0.75	47.7	3.2	
12:31:36	122	3	157.1	1.17	1429.0	0.75	47.7	2.9	
12:31:42	122	4	56.2	0.83	1428.4	0.75	47.7	4.3	
12:31:48	122	5	84.5	0.97	1430.2	0.75	47.7	3.8	
12:31:54	122	6	147.2	0.90	1429.0	0.76	47.7	3.0	
12:32:00	122	7	67.0	1.02	1430.2	0.76	47.7	4.1	
	
Average of	7	 readings
  Incident light 		1429.2	  Transmitted fraction:			0.08	   LAI:	3.4	
	
12:32:17	123	1	235.5	0.82	1433.9	0.76	47.7	2.4	
12:32:29	123	2	391.6	0.49	1435.1	0.76	47.7	1.7	
12:32:35	123	3	475.3	0.60	1435.1	0.76	47.7	1.5	
12:32:42	123	4	413.5	0.68	1433.3	0.76	47.7	1.6	
12:32:49	123	5	372.2	0.52	1430.8	0.76	47.7	1.8	
12:32:55	123	6	349.4	0.54	1429.0	0.76	47.7	1.9	
12:33:01	123	7	363.6	0.62	1425.9	0.76	47.7	1.8	
	
Average of	7	 readings
  Incident light 		1431.9	  Transmitted fraction:			0.26	   LAI:	1.8	
	
12:33:18	124	1	190.0	1.00	1405.2	0.76	47.7	2.7	
12:33:26	124	2	372.2	0.64	1407.0	0.76	47.7	1.8	
12:33:32	124	3	202.4	0.79	1405.2	0.76	47.7	2.6	
12:33:39	124	4	220.1	0.79	1413.1	0.76	47.7	2.5	
12:33:45	124	5	211.0	0.92	1417.4	0.76	47.7	2.5	
12:33:51	124	6	345.4	0.72	1418.0	0.76	47.6	1.9	
12:33:58	124	7	296.3	0.82	1416.2	0.76	47.6	2.1	
	
Average of	7	 readings
  Incident light 		1411.7	  Transmitted fraction:			0.19	   LAI:	2.3	
	
12:35:11	125	1	239.7	0.67	1403.4	0.78	47.6	2.4	
12:35:18	125	2	446.3	0.53	1400.3	0.78	47.6	1.5	
12:35:25	125	3	415.8	0.65	1397.2	0.78	47.6	1.6	
12:35:31	125	4	351.6	0.61	1391.1	0.78	47.6	1.8	
12:35:37	125	5	470.6	0.48	1389.9	0.78	47.6	1.4	
12:35:44	125	6	462.7	0.55	1386.9	0.78	47.6	1.5	
12:35:50	125	7	675.3	0.38	1385.0	0.78	47.6	0.9	
	
Average of	7	 readings
  Incident light 		1393.4	  Transmitted fraction:			0.31	   LAI:	1.6	
	
12:36:07	126	1	210.8	0.88	1382.0	0.78	47.6	2.5	
12:36:14	126	2	331.4	0.65	1382.0	0.78	47.6	1.9	
12:36:20	126	3	400.2	0.60	1388.1	0.78	47.6	1.6	
12:36:26	126	4	470.0	0.63	1389.9	0.78	47.6	1.4	
12:36:32	126	5	432.8	0.62	1389.9	0.78	47.6	1.5	
12:36:38	126	6	288.7	0.84	1389.9	0.78	47.6	2.1	
12:36:44	126	7	472.0	0.57	1396.0	0.78	47.6	1.4	
	
Average of	7	 readings
  Incident light 		1388.3	  Transmitted fraction:			0.27	   LAI:	1.8	
	
12:37:02	127	1	85.1	1.29	1399.1	0.78	47.6	3.7	
12:37:09	127	2	64.6	1.24	1399.1	0.78	47.6	4.1	
12:37:16	127	3	45.5	1.04	1405.2	0.78	47.6	4.6	
12:37:23	127	4	40.2	1.57	1405.2	0.79	47.6	4.8	
12:37:30	127	5	43.6	1.01	1406.4	0.79	47.5	4.7	
12:37:38	127	6	33.5	0.88	1405.2	0.79	47.5	5.0	
12:37:44	127	7	48.1	0.84	1410.1	0.79	47.5	4.5	
	
Average of	7	 readings
  Incident light 		1404.3	  Transmitted fraction:			0.04	   LAI:	4.5	
	
12:38:05	128	1	54.7	0.87	1413.1	0.79	47.5	4.4	
12:38:15	128	2	25.3	0.71	1422.3	0.79	47.5	5.4	
12:38:21	128	3	125.0	0.94	1424.1	0.79	47.5	3.3	
12:38:26	128	4	99.2	1.23	1424.1	0.79	47.5	3.6	
12:38:31	128	5	68.8	1.25	1428.4	0.79	47.5	4.1	
12:38:37	128	6	63.2	0.95	1428.4	0.79	47.5	4.2	
12:38:44	128	7	56.2	1.22	1427.2	0.79	47.5	4.3	
	
Average of	7	 readings
  Incident light 		1423.9	  Transmitted fraction:			0.05	   LAI:	4.2	
	
12:39:05	129	1	33.4	1.09	1427.2	0.79	47.5	5.1	
12:39:13	129	2	37.8	0.90	1427.2	0.79	47.5	4.9	
12:39:19	129	3	31.2	0.76	1427.2	0.79	47.5	5.2	
12:39:24	129	4	42.4	1.00	1425.9	0.79	47.5	4.7	
12:39:29	129	5	26.6	0.91	1427.2	0.79	47.5	5.4	
12:39:35	129	6	19.2	0.94	1430.2	0.79	47.5	5.8	
12:39:41	129	7	12.4	0.72	1430.8	0.79	47.5	6.4	
	
Average of	7	 readings
  Incident light 		1428.0	  Transmitted fraction:			0.02	   LAI:	5.4	
	
12:40:02	130	1	24.2	1.33	1433.3	0.79	47.5	5.5	
12:40:10	130	2	23.8	1.12	1433.3	0.79	47.5	5.5	
12:40:16	130	3	21.3	1.91	1433.3	0.79	47.5	5.7	
12:40:23	130	4	12.9	0.89	1432.0	0.79	47.5	6.4	
12:40:29	130	5	62.1	1.64	1432.0	0.79	47.5	4.2	
12:40:36	130	6	23.4	2.47	1430.2	0.79	47.5	5.6	
12:40:42	130	7	52.6	1.47	1430.2	0.79	47.5	4.4	
	
Average of	7	 readings
  Incident light 		1432.0	  Transmitted fraction:			0.02	   LAI:	5.3	
	
12:41:05	131	1	24.3	0.65	1422.9	0.79	47.5	5.5	
12:41:12	131	2	27.5	1.05	1419.2	0.79	47.5	5.3	
12:41:18	131	3	20.2	1.42	1418.0	0.79	47.5	5.7	
12:41:24	131	4	11.7	1.23	1419.2	0.79	47.5	6.5	
12:41:37	131	5	20.4	1.57	1422.3	0.79	47.4	5.7	
12:41:44	131	6	11.5	1.41	1422.9	0.79	47.4	6.5	
12:41:50	131	7	26.0	1.29	1425.3	0.79	47.4	5.4	
	
Average of	7	 readings
  Incident light 		1421.4	  Transmitted fraction:			0.01	   LAI:	5.8	
	
12:42:13	132	1	38.6	1.44	1425.9	0.79	47.4	4.9	
12:42:24	132	2	37.5	1.24	1418.0	0.79	47.4	4.9	
12:42:38	132	3	80.7	1.37	1397.9	0.79	47.4	3.8	
12:42:44	132	4	95.5	1.19	1396.0	0.79	47.4	3.6	
12:42:52	132	5	32.9	0.77	1395.4	0.79	47.4	5.1	
12:42:58	132	6	29.9	0.87	1397.2	0.79	47.4	5.2	
12:43:08	132	7	44.6	1.19	1394.2	0.79	47.4	4.6	
	
Average of	7	 readings
  Incident light 		1403.5	  Transmitted fraction:			0.04	   LAI:	4.6	
	
12:45:23	133	1	20.6	0.92	1472.3	0.78	47.4	5.8	
12:45:31	133	2	23.3	0.78	1469.3	0.78	47.4	5.6	
12:45:38	133	3	33.9	0.88	1472.3	0.78	47.4	5.1	
12:45:43	133	4	27.2	1.23	1472.9	0.78	47.4	5.4	
12:45:50	133	5	35.4	0.81	1474.8	0.78	47.4	5.0	
12:45:55	133	6	27.8	1.90	1479.0	0.78	47.4	5.4	
12:46:04	133	7	9.0	0.67	1477.8	0.78	47.4	6.9	
	
Average of	7	 readings
  Incident light 		1474.1	  Transmitted fraction:			0.02	   LAI:	5.6	
	
12:46:26	134	1	30.3	1.42	1472.3	0.78	47.4	5.2	
12:46:33	134	2	39.9	1.30	1472.3	0.78	47.4	4.9	
12:46:39	134	3	25.1	1.49	1472.3	0.78	47.3	5.5	
12:46:45	134	4	13.3	0.65	1468.0	0.78	47.3	6.4	
12:46:52	134	5	26.9	1.70	1469.3	0.78	47.3	5.4	
12:46:57	134	6	18.2	1.15	1466.2	0.78	47.3	5.9	
12:47:04	134	7	5.7	1.39	1465.0	0.78	47.3	7.6	
	
Average of	7	 readings
  Incident light 		1469.3	  Transmitted fraction:			0.02	   LAI:	5.8	
	
12:47:21	135	1	14.7	1.26	1461.9	0.78	47.3	6.2	
12:47:29	135	2	13.8	1.25	1463.2	0.78	47.3	6.3	
12:47:36	135	3	19.3	0.81	1463.2	0.78	47.3	5.9	
12:47:41	135	4	15.7	0.63	1461.3	0.78	47.3	6.2	
12:47:46	135	5	21.4	1.00	1460.1	0.78	47.3	5.7	
12:47:51	135	6	19.6	0.90	1460.1	0.78	47.3	5.8	
12:47:57	135	7	18.6	0.87	1458.3	0.78	47.3	5.9	
	
Average of	7	 readings
  Incident light 		1461.2	  Transmitted fraction:			0.01	   LAI:	6.0	
	
12:48:30	136	1	20.7	0.75	1461.3	0.78	47.3	5.8	
12:48:36	136	2	28.8	1.05	1461.3	0.78	47.3	5.3	
12:48:41	136	3	20.0	1.23	1461.3	0.78	47.3	5.8	
12:48:47	136	4	26.6	1.14	1463.8	0.78	47.3	5.4	
12:48:52	136	5	57.8	0.95	1466.2	0.78	47.3	4.3	
12:48:57	136	6	21.4	1.73	1466.2	0.78	47.3	5.7	
12:49:03	136	7	51.7	1.54	1469.3	0.78	47.3	4.5	
	
Average of	7	 readings
  Incident light 		1464.2	  Transmitted fraction:			0.02	   LAI:	5.3	
	
12:49:26	137	1	164.2	0.75	1463.2	0.78	47.3	2.9	
12:49:32	137	2	244.5	0.59	1454.0	0.78	47.3	2.4	
12:49:37	137	3	162.8	0.90	1454.0	0.78	47.3	2.9	
12:49:46	137	4	52.7	0.85	1454.0	0.78	47.3	4.5	
12:49:51	137	5	103.6	0.88	1461.3	0.78	47.3	3.5	
12:49:56	137	6	110.9	1.14	1457.1	0.78	47.3	3.5	
12:50:02	137	7	146.1	1.06	1457.1	0.78	47.3	3.1	
	
Average of	7	 readings
  Incident light 		1457.2	  Transmitted fraction:			0.10	   LAI:	3.3	
	
12:50:20	138	1	58.7	0.72	1436.9	0.77	47.3	4.3	
12:50:27	138	2	42.5	1.19	1446.1	0.77	47.3	4.8	
12:50:33	138	3	95.2	1.16	1432.0	0.77	47.3	3.6	
12:50:40	138	4	55.7	0.97	1414.9	0.77	47.3	4.4	
12:50:45	138	5	21.1	2.01	1421.1	0.77	47.3	5.7	
12:50:54	138	6	9.0	0.87	1430.2	0.77	47.3	6.9	
12:51:05	138	7	16.5	1.16	1425.3	0.77	47.3	6.1	
	
Average of	7	 readings
  Incident light 		1429.5	  Transmitted fraction:			0.03	   LAI:	5.1	
	
12:51:29	139	1	50.0	0.93	1418.0	0.77	47.3	4.5	
12:51:36	139	2	60.0	1.42	1422.3	0.77	47.3	4.3	
12:51:42	139	3	74.6	1.43	1425.3	0.77	47.3	4.0	
12:51:50	139	4	87.1	1.37	1419.2	0.77	47.3	3.7	
12:51:57	139	5	29.6	1.04	1422.3	0.77	47.3	5.2	
12:52:04	139	6	23.7	1.90	1422.3	0.77	47.3	5.5	
12:52:10	139	7	21.1	1.49	1421.1	0.77	47.3	5.7	
	
Average of	7	 readings
  Incident light 		1421.5	  Transmitted fraction:			0.03	   LAI:	4.7	
	
12:52:31	140	1	37.0	1.19	1430.2	0.77	47.3	4.9	
12:52:39	140	2	57.7	1.84	1439.4	0.77	47.3	4.3	
12:52:45	140	3	6.9	1.23	1441.8	0.77	47.3	7.3	
12:52:52	140	4	38.3	1.04	1443.0	0.77	47.3	4.9	
12:52:58	140	5	29.8	1.64	1444.2	0.77	47.3	5.2	
12:53:04	140	6	27.7	1.28	1441.2	0.78	47.3	5.3	
12:53:11	140	7	34.4	1.69	1439.4	0.77	47.3	5.0	
	
Average of	7	 readings
  Incident light 		1439.9	  Transmitted fraction:			0.02	   LAI:	5.3	
	
12:55:48	141	1	298.6	0.70	1422.9	0.79	47.2	2.1	
12:55:57	141	2	262.6	0.73	1425.9	0.79	47.2	2.3	
12:56:04	141	3	201.1	0.75	1421.1	0.79	47.2	2.6	
12:56:09	141	4	172.9	0.72	1425.3	0.79	47.2	2.8	
12:56:15	141	5	240.8	0.89	1433.3	0.79	47.2	2.4	
12:56:20	141	6	273.9	0.70	1438.1	0.79	47.2	2.2	
12:56:27	141	7	227.1	0.77	1440.0	0.79	47.2	2.5	
	
Average of	7	 readings
  Incident light 		1429.5	  Transmitted fraction:			0.17	   LAI:	2.4	
	
12:56:44	142	1	225.6	0.78	1446.1	0.79	47.2	2.5	
12:56:51	142	2	244.6	0.82	1447.3	0.79	47.2	2.4	
12:56:57	142	3	289.6	0.71	1449.1	0.79	47.2	2.1	
12:57:03	142	4	370.4	0.64	1447.9	0.79	47.2	1.8	
12:57:09	142	5	327.6	0.67	1447.9	0.79	47.2	2.0	
12:57:14	142	6	420.5	0.78	1447.3	0.79	47.2	1.6	
12:57:21	142	7	223.4	0.77	1450.3	0.79	47.2	2.5	
	
Average of	7	 readings
  Incident light 		1448.0	  Transmitted fraction:			0.21	   LAI:	2.1	
	
12:57:37	143	1	82.9	1.24	1454.0	0.79	47.2	3.8	
12:57:43	143	2	79.0	0.85	1458.3	0.79	47.2	3.9	
12:57:49	143	3	73.5	0.97	1460.1	0.79	47.2	4.0	
12:57:55	143	4	158.4	0.79	1460.1	0.79	47.2	3.0	
12:58:01	143	5	154.2	1.18	1460.1	0.79	47.2	3.0	
12:58:07	143	6	153.5	1.28	1460.1	0.79	47.2	3.0	
12:58:13	143	7	141.8	0.96	1466.8	0.80	47.2	3.1	
	
Average of	7	 readings
  Incident light 		1459.9	  Transmitted fraction:			0.08	   LAI:	3.4	
	
12:58:29	144	1	191.9	1.02	1469.9	0.80	47.2	2.7	
12:58:34	144	2	301.1	0.89	1471.1	0.80	47.2	2.1	
12:58:40	144	3	216.8	0.67	1471.1	0.80	47.2	2.6	
12:58:46	144	4	279.9	0.70	1471.1	0.80	47.2	2.2	
12:58:51	144	5	284.3	0.59	1471.1	0.80	47.2	2.2	
12:59:02	144	6	225.4	0.72	1477.2	0.80	47.2	2.5	
12:59:12	144	7	116.0	0.83	1477.2	0.80	47.2	3.4	
	
Average of	7	 readings
  Incident light 		1472.7	  Transmitted fraction:			0.16	   LAI:	2.5	
	
12:59:33	145	1	46.1	1.62	1483.9	0.80	47.2	4.7	
12:59:42	145	2	89.5	1.46	1485.7	0.80	47.2	3.8	
12:59:49	145	3	117.9	1.17	1485.7	0.80	47.2	3.4	
12:59:55	145	4	210.3	0.82	1483.9	0.80	47.2	2.6	
13:00:01	145	5	127.3	1.00	1482.1	0.80	47.2	3.3	
13:00:07	145	6	179.9	0.95	1482.1	0.80	47.2	2.8	
13:00:13	145	7	178.0	1.01	1482.1	0.80	47.2	2.8	
	
Average of	7	 readings
  Incident light 		1483.6	  Transmitted fraction:			0.09	   LAI:	3.3	
	
13:00:30	146	1	59.3	0.78	1461.9	0.80	47.2	4.3	
13:00:35	146	2	158.5	0.91	1461.9	0.80	47.2	3.0	
13:00:40	146	3	83.8	1.10	1465.0	0.80	47.2	3.8	
13:00:46	146	4	118.8	0.95	1463.8	0.80	47.2	3.4	
13:00:51	146	5	93.8	1.04	1463.2	0.80	47.2	3.7	
13:00:57	146	6	85.7	0.59	1461.3	0.80	47.2	3.8	
13:01:02	146	7	138.0	0.87	1458.9	0.80	47.2	3.2	
	
Average of	7	 readings
  Incident light 		1462.3	  Transmitted fraction:			0.07	   LAI:	3.6	
	
13:01:23	147	1	181.6	0.78	1457.1	0.80	47.2	2.8	
13:01:30	147	2	189.6	0.96	1449.1	0.80	47.2	2.7	
13:01:36	147	3	166.5	1.02	1436.3	0.80	47.2	2.9	
13:01:42	147	4	90.0	1.04	1435.1	0.80	47.2	3.7	
13:01:47	147	5	189.6	0.77	1428.4	0.80	47.2	2.7	
13:01:52	147	6	217.2	0.72	1425.9	0.79	47.2	2.5	
13:01:59	147	7	184.1	0.81	1433.3	0.80	47.2	2.7	
	
Average of	7	 readings
  Incident light 		1437.9	  Transmitted fraction:			0.12	   LAI:	2.9	
	
13:02:14	148	1	269.2	0.77	1433.3	0.80	47.2	2.2	
13:02:22	148	2	239.3	0.75	1429.0	0.80	47.2	2.4	
13:02:38	148	3	127.7	0.87	1380.2	0.79	47.2	3.2	
13:02:46	148	4	112.2	0.78	1380.2	0.79	47.2	3.4	
13:02:52	148	5	245.3	0.92	1375.9	0.79	47.2	2.3	
13:02:58	148	6	200.8	1.03	1375.3	0.79	47.2	2.6	
13:03:07	148	7	187.2	0.75	1061.6	0.73	47.2	2.3	
	
Average of	7	 readings
  Incident light 		1347.9	  Transmitted fraction:			0.15	   LAI:	2.6	
	
13:05:12	149	1	267.7	0.94	1358.2	0.77	47.2	2.2	
13:05:20	149	2	172.6	0.91	1345.4	0.76	47.2	2.7	
13:05:26	149	3	234.2	1.04	1345.4	0.76	47.2	2.3	
13:05:33	149	4	186.8	0.84	1359.4	0.77	47.2	2.7	
13:05:39	149	5	121.6	0.82	1363.1	0.77	47.2	3.2	
13:05:45	149	6	221.9	0.76	1373.4	0.77	47.2	2.4	
13:05:51	149	7	275.0	0.77	1373.4	0.77	47.2	2.1	
	
Average of	7	 readings
  Incident light 		1359.8	  Transmitted fraction:			0.16	   LAI:	2.5	
	
13:06:05	150	1	314.9	0.62	1377.1	0.77	47.2	2.0	
13:06:11	150	2	435.1	0.59	1374.1	0.77	47.2	1.5	
13:06:17	150	3	266.7	0.80	1378.9	0.77	47.2	2.2	
13:06:23	150	4	238.9	0.92	1381.4	0.77	47.2	2.3	
13:06:27	150	5	321.3	0.67	1384.4	0.77	47.2	1.9	
13:06:32	150	6	323.2	0.60	1385.0	0.77	47.2	1.9	
13:06:38	150	7	399.8	0.61	1383.2	0.77	47.2	1.6	
	
Average of	7	 readings
  Incident light 		1380.6	  Transmitted fraction:			0.24	   LAI:	1.9	
	
13:06:53	151	1	256.5	0.68	1384.4	0.77	47.2	2.2	
13:06:59	151	2	212.9	0.76	1378.9	0.77	47.2	2.5	
13:07:06	151	3	173.7	0.73	1378.9	0.77	47.2	2.8	
13:07:12	151	4	227.4	0.71	1378.9	0.77	47.2	2.4	
13:07:18	151	5	148.1	1.04	1378.9	0.77	47.2	3.0	
13:07:24	151	6	180.6	0.99	1378.9	0.77	47.2	2.7	
13:07:31	151	7	262.4	0.77	1372.2	0.76	47.2	2.2	
	
Average of	7	 readings
  Incident light 		1378.7	  Transmitted fraction:			0.15	   LAI:	2.5	
	
13:09:21	152	1	526.0	0.47	1421.1	0.77	47.2	1.3	
13:09:29	152	2	429.4	0.64	1418.0	0.77	47.2	1.6	
13:09:34	152	3	425.0	0.48	1418.0	0.77	47.2	1.6	
13:09:40	152	4	249.9	0.69	1418.0	0.77	47.2	2.3	
13:09:45	152	5	290.6	0.60	1418.0	0.77	47.2	2.1	
13:09:53	152	6	166.9	0.84	1418.0	0.77	47.2	2.9	
13:10:00	152	7	226.2	0.83	1404.0	0.77	47.2	2.4	
	
Average of	7	 readings
  Incident light 		1416.4	  Transmitted fraction:			0.23	   LAI:	2.0	
	
13:10:23	153	1	97.5	0.86	1397.2	0.77	47.2	3.6	
13:10:29	153	2	158.1	0.90	1386.9	0.77	47.2	2.9	
13:10:35	153	3	198.1	0.89	1389.9	0.77	47.2	2.6	
13:10:42	153	4	390.3	0.62	1386.9	0.77	47.2	1.7	
13:10:48	153	5	175.6	0.76	1389.9	0.77	47.2	2.8	
13:10:55	153	6	203.4	0.78	1389.9	0.77	47.2	2.6	
13:11:02	153	7	104.2	1.04	1400.9	0.77	47.2	3.5	
	
Average of	7	 readings
  Incident light 		1391.7	  Transmitted fraction:			0.14	   LAI:	2.8	
	
13:11:28	154	1	104.3	1.06	1388.1	0.77	47.2	3.5	
13:11:35	154	2	203.3	0.74	1388.1	0.77	47.2	2.6	
13:11:43	154	3	145.4	1.15	1403.4	0.77	47.2	3.0	
13:11:49	154	4	123.6	0.91	1403.4	0.77	47.2	3.3	
13:11:54	154	5	191.2	0.91	1404.0	0.77	47.2	2.7	
13:12:00	154	6	134.4	0.79	1404.0	0.77	47.2	3.1	
13:12:07	154	7	135.5	1.03	1399.1	0.77	47.2	3.1	
	
Average of	7	 readings
  Incident light 		1398.6	  Transmitted fraction:			0.11	   LAI:	3.0	
	
13:12:25	155	1	456.6	0.57	1408.2	0.77	47.2	1.5	
13:12:31	155	2	302.4	0.84	1405.2	0.77	47.2	2.0	
13:12:37	155	3	530.7	0.53	1410.1	0.77	47.2	1.3	
13:12:44	155	4	467.7	0.55	1422.9	0.77	47.2	1.5	
13:12:52	155	5	669.7	0.36	1427.2	0.77	47.2	1.0	
13:13:01	155	6	448.0	0.64	1418.0	0.77	47.2	1.5	
13:13:08	155	7	465.7	0.57	1405.2	0.77	47.2	1.5	
	
Average of	7	 readings
  Incident light 		1413.8	  Transmitted fraction:			0.34	   LAI:	1.5	
	
13:13:26	156	1	316.3	0.79	1391.1	0.77	47.2	2.0	
13:13:33	156	2	278.6	0.78	1389.3	0.77	47.2	2.1	
13:13:40	156	3	524.7	0.42	1391.1	0.77	47.2	1.3	
13:13:46	156	4	378.2	0.58	1395.4	0.77	47.2	1.7	
13:13:51	156	5	596.6	0.42	1400.3	0.77	47.2	1.1	
13:14:01	156	6	344.6	0.74	1404.0	0.77	47.2	1.9	
13:14:10	156	7	555.0	0.46	1416.2	0.77	47.2	1.2	
	
Average of	7	 readings
  Incident light 		1398.2	  Transmitted fraction:			0.31	   LAI:	1.6	
	
13:17:32	157	1	102.3	0.74	1455.2	0.79	47.2	3.6	
13:17:39	157	2	111.8	0.76	1454.0	0.79	47.2	3.4	
13:17:45	157	3	86.1	1.31	1455.2	0.79	47.2	3.8	
13:17:51	157	4	130.0	0.74	1458.3	0.80	47.2	3.2	
13:17:56	157	5	181.0	1.10	1458.9	0.80	47.2	2.8	
13:18:01	157	6	94.2	0.96	1460.1	0.80	47.2	3.7	
13:18:10	157	7	122.1	0.86	1463.8	0.80	47.2	3.3	
	
Average of	7	 readings
  Incident light 		1457.9	  Transmitted fraction:			0.08	   LAI:	3.4	
	
13:18:28	158	1	73.0	1.18	1465.0	0.80	47.2	4.0	
13:18:35	158	2	34.1	0.96	1465.0	0.80	47.2	5.1	
13:18:40	158	3	67.7	1.20	1463.2	0.80	47.2	4.1	
13:18:45	158	4	66.5	1.03	1461.9	0.80	47.2	4.2	
13:18:51	158	5	94.5	0.90	1461.9	0.80	47.2	3.7	
13:18:59	158	6	124.5	1.07	1461.9	0.80	47.2	3.3	
13:19:05	158	7	92.2	1.14	1461.9	0.80	47.2	3.7	
	
Average of	7	 readings
  Incident light 		1463.0	  Transmitted fraction:			0.05	   LAI:	4.0	
	
13:19:24	159	1	130.7	1.52	1460.1	0.80	47.3	3.2	
13:19:30	159	2	109.2	1.36	1463.2	0.80	47.3	3.5	
13:19:35	159	3	177.0	0.99	1463.2	0.80	47.3	2.8	
13:19:40	159	4	184.4	0.94	1465.0	0.80	47.3	2.8	
13:19:46	159	5	111.7	1.17	1465.0	0.80	47.3	3.5	
13:19:52	159	6	110.3	0.85	1461.9	0.80	47.3	3.5	
13:19:59	159	7	162.0	0.78	1455.8	0.80	47.3	2.9	
	
Average of	7	 readings
  Incident light 		1462.0	  Transmitted fraction:			0.10	   LAI:	3.2	
	
13:20:19	160	1	9.6	1.59	1452.8	0.80	47.3	6.8	
13:20:28	160	2	22.7	1.63	1452.8	0.80	47.3	5.6	
13:20:34	160	3	9.2	1.26	1455.8	0.80	47.3	6.9	
13:20:40	160	4	19.9	1.48	1458.3	0.80	47.3	5.8	
13:20:47	160	5	11.7	1.13	1457.1	0.80	47.3	6.6	
13:20:52	160	6	12.2	1.23	1460.1	0.80	47.3	6.5	
13:21:00	160	7	12.1	1.75	1458.9	0.80	47.3	6.5	
	
Average of	7	 readings
  Incident light 		1456.5	  Transmitted fraction:			0.01	   LAI:	6.4	
	
13:21:17	161	1	71.3	1.74	1466.2	0.81	47.3	4.1	
13:21:23	161	2	46.5	1.01	1468.0	0.81	47.3	4.7	
13:21:30	161	3	57.3	1.49	1472.9	0.81	47.3	4.4	
13:21:35	161	4	85.5	1.22	1474.8	0.81	47.3	3.8	
13:21:40	161	5	82.9	1.04	1477.8	0.81	47.3	3.9	
13:21:45	161	6	36.7	1.13	1480.3	0.81	47.3	5.0	
13:21:51	161	7	88.2	1.22	1482.1	0.81	47.3	3.8	
	
Average of	7	 readings
  Incident light 		1474.6	  Transmitted fraction:			0.05	   LAI:	4.2	
	
13:22:08	162	1	81.0	1.17	1479.0	0.81	47.3	3.9	
13:22:13	162	2	64.6	1.27	1476.0	0.81	47.3	4.2	
13:22:19	162	3	124.0	1.09	1472.9	0.81	47.3	3.3	
13:22:25	162	4	177.8	1.00	1471.1	0.81	47.3	2.8	
13:22:30	162	5	97.6	0.81	1471.1	0.81	47.3	3.6	
13:22:36	162	6	55.9	0.83	1465.0	0.81	47.3	4.4	
13:22:44	162	7	90.8	1.29	1455.2	0.81	47.3	3.7	
	
Average of	7	 readings
  Incident light 		1470.0	  Transmitted fraction:			0.07	   LAI:	3.7	
	
13:24:36	163	1	10.2	0.64	1408.2	0.80	47.3	6.7	
13:24:44	163	2	19.4	1.58	1411.9	0.80	47.3	5.8	
13:24:51	163	3	13.3	1.36	1402.1	0.80	47.3	6.3	
13:24:58	163	4	13.5	1.42	1397.9	0.80	47.3	6.3	
13:25:05	163	5	15.8	1.01	1395.4	0.80	47.3	6.1	
13:25:10	163	6	24.4	1.65	1395.4	0.80	47.3	5.5	
13:25:16	163	7	18.8	0.65	1394.2	0.80	47.3	5.8	
	
Average of	7	 readings
  Incident light 		1400.7	  Transmitted fraction:			0.01	   LAI:	6.1	
	
13:25:35	164	1	20.0	1.28	1403.4	0.80	47.3	5.7	
13:25:42	164	2	31.3	1.04	1399.1	0.80	47.3	5.1	
13:25:49	164	3	7.9	0.77	1383.2	0.80	47.3	7.0	
13:25:55	164	4	8.2	0.62	1386.9	0.80	47.3	7.0	
13:25:59	164	5	10.8	0.73	1391.1	0.80	47.3	6.6	
13:26:05	164	6	18.4	0.81	1395.4	0.80	47.4	5.9	
13:26:11	164	7	15.3	1.72	1392.4	0.80	47.4	6.1	
	
Average of	7	 readings
  Incident light 		1393.1	  Transmitted fraction:			0.01	   LAI:	6.2	
	
13:26:28	165	1	38.6	0.95	1396.0	0.80	47.4	4.8	
13:26:35	165	2	55.2	0.78	1384.4	0.80	47.4	4.3	
13:26:40	165	3	26.0	0.67	1383.2	0.80	47.4	5.4	
13:26:47	165	4	21.3	0.83	1383.2	0.80	47.4	5.6	
13:26:53	165	5	11.8	0.91	1382.0	0.80	47.4	6.5	
13:26:58	165	6	21.2	1.46	1383.2	0.80	47.4	5.6	
13:27:04	165	7	11.5	0.81	1386.9	0.80	47.4	6.5	
	
Average of	7	 readings
  Incident light 		1385.6	  Transmitted fraction:			0.02	   LAI:	5.5	
	
13:27:26	166	1	60.3	0.99	1400.9	0.80	47.4	4.2	
13:27:33	166	2	43.2	0.74	1403.4	0.80	47.4	4.7	
13:27:37	166	3	92.4	1.08	1403.4	0.80	47.4	3.6	
13:27:42	166	4	23.5	0.62	1411.9	0.80	47.4	5.5	
13:27:47	166	5	39.7	1.21	1411.9	0.80	47.4	4.8	
13:27:52	166	6	14.5	0.78	1411.9	0.80	47.4	6.2	
13:27:57	166	7	26.6	1.15	1410.1	0.80	47.4	5.4	
	
Average of	7	 readings
  Incident light 		1407.6	  Transmitted fraction:			0.03	   LAI:	4.9	
	
13:28:13	167	1	37.9	1.07	1414.3	0.80	47.4	4.9	
13:28:19	167	2	64.6	1.01	1414.3	0.80	47.4	4.1	
13:28:24	167	3	35.6	1.16	1414.9	0.80	47.4	5.0	
13:28:29	167	4	33.5	1.05	1419.2	0.80	47.4	5.1	
13:28:35	167	5	62.4	1.00	1419.8	0.80	47.4	4.2	
13:28:39	167	6	27.1	0.80	1422.9	0.80	47.4	5.3	
13:28:46	167	7	31.4	1.27	1422.3	0.80	47.4	5.1	
	
Average of	7	 readings
  Incident light 		1418.2	  Transmitted fraction:			0.03	   LAI:	4.8	
	
13:29:06	168	1	26.0	0.83	1425.9	0.80	47.4	5.4	
13:29:12	168	2	64.0	1.30	1425.9	0.80	47.4	4.2	
13:29:17	168	3	50.6	0.71	1425.3	0.80	47.4	4.5	
13:29:23	168	4	64.7	0.93	1425.9	0.80	47.4	4.2	
13:29:29	168	5	47.2	1.04	1425.9	0.80	47.4	4.6	
13:29:33	168	6	13.0	1.02	1421.1	0.80	47.4	6.4	
13:29:39	168	7	33.1	0.89	1422.9	0.80	47.4	5.1	
	
Average of	7	 readings
  Incident light 		1424.7	  Transmitted fraction:			0.03	   LAI:	4.9	
	
13:30:37	169	1	97.2	1.31	1388.1	0.78	47.4	3.6	
13:30:43	169	2	56.8	0.73	1389.9	0.78	47.4	4.3	
13:30:49	169	3	77.4	0.93	1391.1	0.78	47.4	3.9	
13:30:54	169	4	58.5	1.15	1391.1	0.78	47.4	4.3	
13:30:59	169	5	40.3	1.34	1393.0	0.78	47.4	4.8	
13:31:04	169	6	31.8	1.27	1393.0	0.78	47.4	5.1	
13:31:10	169	7	43.3	0.92	1393.0	0.78	47.5	4.7	
	
Average of	7	 readings
  Incident light 		1391.3	  Transmitted fraction:			0.04	   LAI:	4.4	
	
13:31:33	170	1	8.1	0.65	1391.1	0.78	47.5	7.0	
13:31:39	170	2	8.4	1.13	1391.1	0.78	47.5	6.9	
13:31:46	170	3	23.1	1.02	1389.9	0.78	47.5	5.5	
13:31:51	170	4	37.5	0.89	1386.9	0.78	47.5	4.9	
13:31:56	170	5	21.6	0.68	1388.1	0.78	47.5	5.6	
13:32:01	170	6	33.9	0.75	1391.1	0.79	47.5	5.0	
13:32:07	170	7	23.2	0.84	1392.4	0.79	47.5	5.5	
	
Average of	7	 readings
  Incident light 		1390.1	  Transmitted fraction:			0.02	   LAI:	5.8	
	
13:32:28	171	1	24.2	0.67	1394.2	0.79	47.5	5.5	
13:32:36	171	2	38.5	0.71	1394.2	0.79	47.5	4.8	
13:32:42	171	3	44.3	0.90	1394.2	0.79	47.5	4.6	
13:32:52	171	4	71.0	1.54	1400.9	0.79	47.5	4.0	
13:32:57	171	5	80.6	0.97	1397.9	0.79	47.5	3.8	
13:33:02	171	6	39.4	1.18	1400.9	0.79	47.5	4.8	
13:33:09	171	7	21.3	1.24	1404.0	0.79	47.5	5.7	
	
Average of	7	 readings
  Incident light 		1398.0	  Transmitted fraction:			0.03	   LAI:	4.7	
	
13:33:31	172	1	16.2	1.57	1406.4	0.79	47.5	6.0	
13:33:38	172	2	26.7	1.42	1406.4	0.79	47.5	5.3	
13:33:44	172	3	22.9	1.24	1407.0	0.79	47.5	5.6	
13:33:49	172	4	32.3	1.76	1408.2	0.79	47.5	5.1	
13:33:55	172	5	7.4	1.40	1408.2	0.79	47.5	7.1	
13:34:00	172	6	15.5	1.38	1404.0	0.79	47.5	6.1	
13:34:09	172	7	11.5	0.94	1405.2	0.79	47.5	6.5	
	
Average of	7	 readings
  Incident light 		1406.5	  Transmitted fraction:			0.01	   LAI:	6.0	
	
13:34:28	173	1	93.2	0.91	1397.9	0.79	47.5	3.6	
13:34:35	173	2	71.9	1.02	1394.2	0.79	47.5	4.0	
13:34:42	173	3	68.7	0.82	1389.3	0.79	47.5	4.0	
13:34:47	173	4	104.4	1.13	1388.1	0.79	47.5	3.5	
13:34:52	173	5	92.6	0.95	1378.9	0.79	47.5	3.6	
13:34:57	173	6	80.6	0.88	1372.2	0.79	47.5	3.8	
13:35:02	173	7	66.4	1.13	1364.9	0.78	47.5	4.1	
	
Average of	7	 readings
  Incident light 		1383.6	  Transmitted fraction:			0.06	   LAI:	3.8	
	
13:35:19	174	1	22.8	1.48	1356.4	0.78	47.6	5.5	
13:35:27	174	2	72.4	1.14	1353.3	0.78	47.6	3.9	
13:35:32	174	3	25.5	1.22	1353.3	0.78	47.6	5.4	
13:35:38	174	4	45.7	1.45	1353.9	0.78	47.6	4.6	
13:35:43	174	5	65.3	0.97	1358.2	0.78	47.6	4.1	
13:35:50	174	6	32.5	1.14	1364.9	0.79	47.6	5.0	
13:35:56	174	7	51.4	1.25	1372.2	0.79	47.6	4.4	
	
Average of	7	 readings
  Incident light 		1358.9	  Transmitted fraction:			0.03	   LAI:	4.7	
	
13:38:45	175	1	38.5	1.08	1438.1	0.81	47.6	4.9	
13:38:51	175	2	66.7	1.55	1436.9	0.81	47.6	4.1	
13:38:57	175	3	54.6	0.87	1435.1	0.81	47.7	4.4	
13:39:05	175	4	13.5	1.02	1441.8	0.81	47.7	6.3	
13:39:09	175	5	22.1	1.32	1444.2	0.81	47.7	5.6	
13:39:14	175	6	14.7	1.11	1447.3	0.81	47.7	6.2	
13:39:23	175	7	57.8	1.20	1447.9	0.81	47.7	4.3	
	
Average of	7	 readings
  Incident light 		1441.6	  Transmitted fraction:			0.03	   LAI:	5.1	
	
13:39:40	176	1	21.2	0.97	1454.0	0.81	47.7	5.7	
13:39:46	176	2	44.0	1.43	1454.0	0.81	47.7	4.7	
13:39:52	176	3	25.8	2.36	1452.8	0.81	47.7	5.4	
13:39:57	176	4	22.0	0.91	1454.0	0.81	47.7	5.7	
13:40:02	176	5	44.5	1.14	1454.0	0.81	47.7	4.7	
13:40:09	176	6	48.5	1.25	1454.0	0.81	47.7	4.6	
13:40:16	176	7	39.5	0.87	1454.0	0.81	47.7	4.8	
	
Average of	7	 readings
  Incident light 		1453.8	  Transmitted fraction:			0.02	   LAI:	5.1	
	
13:40:34	177	1	16.3	1.12	1455.2	0.81	47.7	6.1	
13:40:40	177	2	29.9	1.51	1452.2	0.81	47.7	5.2	
13:40:45	177	3	35.3	1.33	1452.8	0.81	47.7	5.0	
13:40:51	177	4	54.3	1.62	1452.2	0.81	47.7	4.4	
13:40:56	177	5	23.9	1.41	1452.2	0.81	47.7	5.5	
13:41:01	177	6	19.9	1.31	1451.0	0.81	47.7	5.8	
13:41:15	177	7	58.7	1.38	1450.3	0.81	47.7	4.3	
	
Average of	7	 readings
  Incident light 		1452.3	  Transmitted fraction:			0.02	   LAI:	5.2	
	
13:41:50	178	1	37.5	1.07	1449.1	0.82	47.7	4.9	
13:41:57	178	2	53.6	1.15	1447.9	0.82	47.7	4.4	
13:42:03	178	3	43.9	1.59	1447.9	0.82	47.7	4.7	
13:42:08	178	4	54.7	1.18	1447.3	0.82	47.7	4.4	
13:42:13	178	5	42.3	1.21	1447.9	0.82	47.7	4.7	
13:42:19	178	6	13.5	0.66	1450.3	0.82	47.8	6.3	
13:42:26	178	7	10.9	0.98	1450.3	0.82	47.8	6.6	
	
Average of	7	 readings
  Incident light 		1448.7	  Transmitted fraction:			0.03	   LAI:	5.2	
	
13:42:41	179	1	14.3	1.09	1454.0	0.82	47.8	6.2	
13:42:48	179	2	15.2	0.89	1452.8	0.82	47.8	6.2	
13:42:53	179	3	19.0	1.36	1452.8	0.82	47.8	5.8	
13:42:59	179	4	12.7	1.22	1455.8	0.82	47.8	6.4	
13:43:06	179	5	7.4	1.66	1455.2	0.82	47.8	7.2	
13:43:11	179	6	27.3	1.83	1457.1	0.82	47.8	5.4	
13:43:16	179	7	12.1	1.31	1458.9	0.82	47.8	6.5	
	
Average of	7	 readings
  Incident light 		1455.2	  Transmitted fraction:			0.01	   LAI:	6.2	
	
13:43:33	180	1	86.7	1.13	1458.9	0.82	47.8	3.8	
13:43:43	180	2	35.3	1.90	1460.1	0.82	47.8	5.0	
13:43:48	180	3	62.2	1.02	1460.1	0.82	47.8	4.2	
13:43:53	180	4	170.5	1.00	1461.3	0.82	47.8	2.9	
13:43:58	180	5	121.3	1.27	1460.1	0.82	47.8	3.3	
13:44:03	180	6	55.2	1.79	1455.8	0.82	47.8	4.4	
13:44:10	180	7	107.0	1.63	1455.2	0.82	47.8	3.5	
	
Average of	7	 readings
  Incident light 		1458.8	  Transmitted fraction:			0.06	   LAI:	3.9	
	
13:50:10	181	1	5.2	0.79	182.6	0.14	48.0	4.8	
13:50:19	181	2	5.9	1.21	192.4	0.19	48.0	4.7	
13:50:24	181	3	3.3	1.04	195.5	0.20	48.0	5.6	
13:50:30	181	4	6.4	0.93	202.8	0.23	48.0	4.6	
13:50:36	181	5	5.8	1.10	178.4	0.12	48.0	4.6	
13:50:43	181	6	9.1	1.41	180.8	0.13	48.1	4.0	
13:50:50	181	7	4.4	0.83	187.5	0.17	48.1	5.1	
	
Average of	7	 readings
  Incident light 		188.6	  Transmitted fraction:			0.03	   LAI:	4.8	
	
13:51:38	182	1	23.3	1.84	1306.3	0.87	48.1	5.4	
13:51:44	182	2	9.6	1.02	1307.5	0.87	48.1	6.6	
13:51:50	182	3	16.3	1.58	1310.0	0.87	48.1	5.9	
13:51:55	182	4	22.3	1.13	1303.3	0.87	48.1	5.5	
13:52:00	182	5	3.6	0.72	1297.1	0.87	48.1	7.9	
13:52:05	182	6	10.9	2.13	1300.2	0.87	48.1	6.4	
13:52:12	182	7	7.7	1.51	1293.5	0.87	48.1	6.9	
	
Average of	7	 readings
  Incident light 		1302.6	  Transmitted fraction:			0.01	   LAI:	6.4	
	
13:53:47	183	1	2.7	0.90	249.8	0.27	48.2	6.2	
13:53:53	183	2	2.4	1.00	226.6	0.20	48.2	6.3	
13:53:57	183	3	2.0	0.74	195.5	0.13	48.2	6.4	
13:54:04	183	4	1.3	0.68	244.3	0.26	48.2	7.3	
13:54:09	183	5	1.3	0.59	232.7	0.22	48.2	7.3	
13:54:14	183	6	1.6	0.75	222.3	0.18	48.2	6.9	
13:54:20	183	7	1.6	0.77	226.6	0.20	48.2	7.0	
	
Average of	7	 readings
  Incident light 		228.3	  Transmitted fraction:			0.01	   LAI:	6.8	
	
13:55:08	184	1	15.4	0.93	1286.2	0.84	48.2	5.9	
13:55:16	184	2	12.5	1.07	1292.3	0.84	48.2	6.2	
13:55:20	184	3	17.0	1.99	1292.3	0.84	48.2	5.8	
13:55:27	184	4	20.3	1.28	1287.4	0.84	48.2	5.6	
13:55:35	184	5	47.2	1.12	1287.4	0.84	48.3	4.4	
13:55:45	184	6	12.2	0.83	1273.3	0.84	48.3	6.3	
13:55:51	184	7	11.7	0.78	1251.4	0.83	48.3	6.3	
	
Average of	7	 readings
  Incident light 		1281.5	  Transmitted fraction:			0.02	   LAI:	5.8	
	
13:56:38	185	1	2.9	0.69	192.4	0.06	48.3	5.8	
13:56:48	185	2	3.9	0.64	191.8	0.05	48.3	5.3	
13:56:53	185	3	3.1	0.46	190.6	0.05	48.3	5.7	
13:56:58	185	4	4.0	0.37	194.9	0.06	48.3	5.3	
13:57:03	185	5	5.8	0.56	192.4	0.05	48.3	4.7	
13:57:08	185	6	2.6	0.64	194.9	0.07	48.3	5.9	
13:57:15	185	7	4.8	0.61	205.8	0.11	48.3	5.1	
	
Average of	7	 readings
  Incident light 		194.7	  Transmitted fraction:			0.02	   LAI:	5.4	
	
13:58:33	186	1	18.1	0.85	583.0	0.68	48.4	4.6	
13:58:42	186	2	9.9	0.48	543.4	0.65	48.4	5.4	
13:58:49	186	3	23.6	0.39	534.2	0.65	48.4	4.2	
13:58:55	186	4	36.2	1.07	545.2	0.65	48.4	3.6	
13:59:01	186	5	19.4	0.51	572.1	0.67	48.4	4.5	
13:59:08	186	6	11.5	0.52	597.1	0.68	48.4	5.3	
13:59:17	186	7	9.9	0.80	659.9	0.71	48.4	5.6	
	
Average of	7	 readings
  Incident light 		576.4	  Transmitted fraction:			0.03	   LAI:	4.8	
	
14:04:39	187	1	5.8	0.72	251.6	0.16	48.7	5.1	
14:04:47	187	2	5.8	1.39	219.9	0.05	48.7	4.9	
14:04:52	187	3	4.8	0.64	225.4	0.06	48.7	5.2	
14:04:59	187	4	7.6	0.84	276.6	0.24	48.7	4.8	
14:05:06	187	5	21.1	0.48	206.5	0.04	48.7	3.0	
14:05:12	187	6	21.1	0.91	208.9	0.03	48.7	3.0	
14:05:17	187	7	14.2	0.49	201.6	0.05	48.7	3.5	
	
Average of	7	 readings
  Incident light 		227.2	  Transmitted fraction:			0.05	   LAI:	4.2	
	
14:06:11	188	1	14.8	1.54	1341.1	0.80	48.8	6.0	
14:06:18	188	2	15.0	1.85	1339.3	0.80	48.8	6.0	
14:06:23	188	3	13.9	1.92	1337.4	0.80	48.8	6.1	
14:06:30	188	4	10.4	1.41	1338.0	0.80	48.8	6.5	
14:06:35	188	5	21.6	1.22	1336.2	0.80	48.8	5.5	
14:06:42	188	6	32.1	1.11	1335.0	0.80	48.8	5.0	
14:06:49	188	7	16.9	1.39	1334.4	0.80	48.8	5.8	
	
Average of	7	 readings
  Incident light 		1337.3	  Transmitted fraction:			0.01	   LAI:	5.9	
	
14:08:09	189	1	27.2	1.74	1352.1	0.81	48.9	5.2	
14:08:40	189	2	5.2	0.92	1355.1	0.81	48.9	7.5	
14:08:58	189	3	6.1	1.71	1351.5	0.81	48.9	7.3	
14:09:18	189	4	6.4	1.22	1341.1	0.81	48.9	7.2	
14:09:35	189	5	36.2	1.32	1334.4	0.81	48.9	4.8	
14:09:58	189	6	16.1	1.38	1318.5	0.80	49.0	5.9	
	
Average of	6	 readings
  Incident light 		1342.1	  Transmitted fraction:			0.01	   LAI:	6.3	
	
